1668949170.650486 0.0000000 0.0000000 0.0000000 -0.0000000 -0.0000000 -0.0000000 1.0000000
1668949170.950425 -0.0017690 -0.0029296 0.0183141 0.0087756 0.0134614 -0.0100002 0.9998209
1668949171.150346 0.0006008 -0.0030861 0.0438210 -0.0000778 0.0199435 -0.0096942 0.9997542
1668949171.350190 0.0105343 0.0011404 0.0796985 0.0081168 0.0337739 0.0027578 0.9993928
1668949171.550382 0.0187744 0.0015433 0.1154398 0.0004809 0.0199603 -0.0051413 0.9997875
1668949171.750213 0.0217274 0.0039810 0.1517989 -0.0051412 0.0115442 -0.0080689 0.9998876
1668949171.950459 0.0200817 0.0084903 0.1980150 0.0091715 0.0211658 -0.0070396 0.9997092
1668949172.150156 0.0166897 0.0065091 0.2458319 0.0000436 0.0360816 0.0033670 0.9993431
1668949172.350399 0.0189213 0.0074377 0.2920968 0.0026653 0.0443827 0.0123855 0.9989343
1668949172.550232 0.0265540 0.0145955 0.3454025 0.0035994 0.0411316 0.0041823 0.9991385
1668949172.752866 0.0331837 0.0151673 0.3971212 0.0013962 0.0309868 0.0016769 0.9995175
1668949172.952534 0.0327640 0.0150558 0.4457567 0.0048008 0.0110634 -0.0133600 0.9998379
1668949173.152601 0.0341973 0.0204700 0.4977927 0.0149594 0.0127520 -0.0249867 0.9994944
1668949173.350479 0.0336300 0.0173039 0.5459552 0.0150684 0.0252360 -0.0156082 0.9994462
1668949173.550539 0.0406064 0.0210897 0.5958995 0.0019076 0.0466225 -0.0048817 0.9988989
1668949173.750324 0.0511452 0.0300943 0.6501948 0.0024057 0.0531289 -0.0089182 0.9985450
1668949173.950646 0.0560815 0.0291862 0.7022594 0.0005426 0.0258877 -0.0132653 0.9995767
1668949174.150295 0.0582388 0.0303701 0.7513214 -0.0008840 0.0027761 -0.0210715 0.9997738
1668949174.350401 0.0568297 0.0356207 0.8066329 0.0146980 0.0187218 -0.0225413 0.9994626
1668949174.550006 0.0589506 0.0345309 0.8609800 0.0082130 0.0448882 -0.0178416 0.9987988
1668949174.750458 0.0589009 0.0359872 0.9115812 0.0023626 0.0541242 -0.0031471 0.9985265
1668949174.950346 0.0643221 0.0434514 0.9670445 0.0200664 0.0387770 -0.0117458 0.9989774
1668949175.150392 0.0692834 0.0437939 1.0218598 0.0144984 0.0160110 -0.0147655 0.9996576
1668949175.350391 0.0688380 0.0463272 1.0753444 0.0055600 -0.0015040 -0.0153511 0.9998657
1668949175.650321 0.0725878 0.0544765 1.1591393 -0.0051019 0.0186269 -0.0142156 0.9997123
1668949175.850516 0.0721655 0.0553991 1.2076793 -0.0098538 0.0351925 -0.0063368 0.9993119
1668949176.050355 0.0791187 0.0620212 1.2604314 0.0098873 0.0337022 -0.0088574 0.9993437
1668949176.250350 0.0833191 0.0651208 1.3156852 0.0149625 0.0046942 -0.0214018 0.9996480
1668949176.450342 0.0872703 0.0618615 1.3693843 0.0054602 -0.0184810 -0.0235103 0.9995379
1668949176.650281 0.0872998 0.0685909 1.4202818 0.0153784 -0.0059597 -0.0273276 0.9994905
1668949176.950773 0.0879544 0.0688629 1.5002394 -0.0113592 0.0252568 -0.0082139 0.9995828
1668949177.150594 0.0910267 0.0740420 1.5486754 -0.0093691 0.0269655 -0.0191420 0.9994091
1668949177.350321 0.1001402 0.0768707 1.6036471 0.0010892 0.0190840 -0.0208241 0.9996005
1668949177.550415 0.1029153 0.0739122 1.6524228 -0.0040149 -0.0018721 -0.0256835 0.9996604
1668949177.850307 0.1056468 0.0781748 1.7253757 0.0095753 0.0088779 -0.0322095 0.9993959
1668949178.150403 0.1066906 0.0813521 1.8012166 -0.0032144 0.0474718 -0.0228971 0.9986050
1668949178.452527 0.1100522 0.0897117 1.8729370 -0.0080033 0.0486759 -0.0187502 0.9986066
1668949178.752700 0.1181290 0.0881891 1.9499896 0.0093407 0.0245346 -0.0354461 0.9990268
1668949179.051895 0.1188583 0.0938233 2.0224757 0.0158867 0.0108357 -0.0478040 0.9986717
1668949179.252525 0.1187193 0.0963627 2.0741436 0.0040996 0.0407832 -0.0453028 0.9981321
1668949179.552644 0.1219071 0.0970758 2.1448140 0.0039604 0.0643632 -0.0225833 0.9976630
1668949179.852213 0.1304103 0.1054793 2.2228081 0.0073950 0.0521382 -0.0240988 0.9983217
1668949180.152611 0.1334450 0.1052489 2.2927001 0.0041210 0.0126364 -0.0354614 0.9992827
1668949180.452248 0.1365371 0.1136674 2.3743331 0.0120599 0.0330736 -0.0379271 0.9986603
1668949180.752630 0.1413601 0.1120649 2.4510899 -0.0053573 0.0550895 -0.0122754 0.9983916
1668949181.052325 0.1553818 0.1222695 2.5333424 -0.0018258 0.0590612 -0.0233324 0.9979801
1668949181.252362 0.1576043 0.1178433 2.5863330 0.0011842 0.0199789 -0.0335541 0.9992365
1668949181.552574 0.1557544 0.1273952 2.6684716 0.0033990 0.0038421 -0.0312151 0.9994994
1668949181.752711 0.1555782 0.1268474 2.7266145 -0.0013086 0.0303899 -0.0251121 0.9992218
1668949181.953335 0.1606636 0.1269574 2.7797136 -0.0055013 0.0606747 -0.0067423 0.9981196
1668949182.152721 0.1639964 0.1385327 2.8363864 -0.0078109 0.0562538 -0.0145028 0.9982805
1668949182.352613 0.1685461 0.1398344 2.8943524 -0.0186881 0.0356938 -0.0191552 0.9990045
1668949182.652362 0.1674234 0.1427687 2.9776273 0.0027685 0.0103345 -0.0301860 0.9994871
1668949182.852833 0.1664660 0.1425432 3.0357392 0.0026802 0.0460326 -0.0193538 0.9987489
1668949183.052694 0.1690330 0.1392368 3.0864089 0.0039084 0.0526604 -0.0089877 0.9985644
1668949183.252315 0.1730340 0.1453203 3.1398358 0.0135339 0.0404091 -0.0088450 0.9990525
1668949183.452597 0.1816914 0.1475948 3.1917899 0.0060261 0.0199182 -0.0152369 0.9996674
1668949183.652829 0.1821889 0.1445428 3.2403510 0.0129462 -0.0081661 -0.0218555 0.9996440
1668949183.852683 0.1831782 0.1531663 3.2903564 0.0130249 0.0020847 -0.0188923 0.9997346
1668949184.051937 0.1811509 0.1546584 3.3438137 0.0039567 0.0272406 -0.0174274 0.9994692
1668949184.352724 0.1824322 0.1527489 3.4170558 0.0116207 0.0511696 -0.0021822 0.9986199
1668949184.553199 0.1889487 0.1591437 3.4670784 0.0193734 0.0373528 -0.0153908 0.9989958
1668949184.752752 0.1932868 0.1580092 3.5166180 0.0207812 0.0118936 -0.0268000 0.9993539
1668949184.952668 0.1947388 0.1607455 3.5590382 0.0147044 -0.0067734 -0.0359975 0.9992208
1668949185.150459 0.1952882 0.1667588 3.6072083 0.0167616 0.0119441 -0.0322381 0.9992684
1668949185.350505 0.1932229 0.1633509 3.6545613 0.0204019 0.0298071 -0.0257890 0.9990146
1668949185.550476 0.1956174 0.1656941 3.6989238 0.0068882 0.0413759 -0.0068617 0.9990964
1668949185.849129 0.2034084 0.1754402 3.7719843 0.0036345 0.0296684 -0.0167673 0.9994126
1668949186.249469 0.2077147 0.1765871 3.8672376 0.0060696 -0.0074916 -0.0303469 0.9994930
1668949186.449514 0.2077268 0.1804990 3.9211159 0.0094339 0.0170573 -0.0299167 0.9993623
1668949186.649694 0.2102644 0.1758102 3.9705663 0.0100398 0.0348378 -0.0137889 0.9992475
1668949186.849761 0.2117828 0.1777858 4.0164251 0.0118142 0.0437220 -0.0047310 0.9989628
1668949187.049945 0.2187400 0.1824588 4.0656362 0.0233737 0.0335152 -0.0213029 0.9989378
1668949187.249928 0.2227469 0.1809848 4.1104913 0.0175795 0.0071023 -0.0315260 0.9993231
1668949187.450188 0.2239092 0.1851833 4.1535654 0.0136750 0.0042570 -0.0325506 0.9993675
1668949187.650149 0.2217983 0.1893087 4.2020931 0.0166252 0.0307575 -0.0308605 0.9989121
1668949187.850187 0.2229356 0.1841221 4.2482467 0.0218619 0.0461088 -0.0215435 0.9984648
1668949188.050246 0.2231553 0.1885124 4.2886071 0.0019992 0.0552622 -0.0057814 0.9984532
1668949188.250406 0.2294607 0.1958436 4.3317428 0.0111536 0.0492922 -0.0143997 0.9986184
1668949188.450341 0.2366503 0.1950936 4.3771076 0.0096973 0.0369736 -0.0199404 0.9990703
1668949188.650935 0.2415913 0.1969779 4.4159231 0.0087916 0.0217444 -0.0330403 0.9991788
1668949188.850664 0.2447587 0.2003963 4.4598279 0.0205641 0.0367293 -0.0287876 0.9986989
1668949189.050297 0.2464224 0.1969287 4.5043364 0.0309578 0.0496495 -0.0255116 0.9979607
1668949189.250283 0.2520214 0.1968621 4.5452104 0.0264865 0.0677184 -0.0148086 0.9972429
1668949189.450412 0.2593710 0.2040907 4.5877309 0.0260531 0.0636271 -0.0266958 0.9972763
1668949189.650334 0.2711577 0.2056419 4.6307311 0.0248060 0.0511038 -0.0352083 0.9977643
1668949189.850366 0.2764704 0.2056322 4.6725554 0.0202486 0.0273159 -0.0417364 0.9985499
1668949190.049630 0.2778558 0.2092781 4.7147999 0.0301117 0.0352960 -0.0395500 0.9981400
1668949190.252894 0.2760159 0.2113158 4.7614365 0.0228531 0.0444981 -0.0344016 0.9981555
1668949190.453021 0.2737911 0.2094925 4.8042111 0.0230322 0.0449193 -0.0247049 0.9984195
1668949190.652968 0.2707063 0.2145090 4.8437309 0.0143939 0.0325126 -0.0196707 0.9991741
1668949190.954230 0.2747832 0.2165655 4.9039259 0.0345823 0.0039172 -0.0241156 0.9991031
1668949191.152619 0.2773947 0.2162255 4.9403653 0.0252943 -0.0057814 -0.0232719 0.9993923
1668949191.352634 0.2808830 0.2203041 4.9771433 0.0328969 0.0034584 -0.0241045 0.9991621
1668949191.552752 0.2794967 0.2221854 5.0119581 0.0235802 0.0088719 -0.0320978 0.9991672
1668949191.852867 0.2847519 0.2224358 5.0556049 0.0218078 0.0150176 -0.0300139 0.9991988
1668949192.052680 0.2967563 0.2231768 5.0808864 0.0186241 -0.0035121 -0.0327379 0.9992843
1668949192.252975 0.3150691 0.2221044 5.1062183 0.0241754 -0.0573039 -0.0354837 0.9974331
1668949192.452729 0.3391354 0.2216063 5.1288185 0.0148606 -0.1060329 -0.0541060 0.9927784
1668949192.752712 0.3621497 0.2245241 5.1541219 -0.0094747 -0.1175059 -0.0314824 0.9925278
1668949192.952645 0.3713673 0.2235527 5.1737738 -0.0096737 -0.1066707 -0.0293622 0.9938138
1668949193.153948 0.3823937 0.2267432 5.1967731 -0.0032584 -0.1008238 -0.0291730 0.9944712
1668949193.352650 0.3935753 0.2278687 5.2197843 -0.0200721 -0.1258267 -0.0313773 0.9913528
1668949193.652621 0.4148586 0.2289095 5.2588606 -0.0098960 -0.2121579 -0.0452347 0.9761378
1668949193.852738 0.4247637 0.2318451 5.2808847 -0.0138195 -0.2617627 -0.0528263 0.9635864
1668949194.152656 0.4302995 0.2341639 5.3202677 -0.0060308 -0.2898082 -0.0474632 0.9558882
1668949194.352720 0.4297295 0.2329811 5.3460822 0.0002005 -0.3032493 -0.0424628 0.9519647
1668949194.552849 0.4308727 0.2328632 5.3679008 -0.0138541 -0.3038548 -0.0228409 0.9523438
1668949194.752908 0.4347258 0.2346066 5.3831110 -0.0208522 -0.3100254 -0.0205818 0.9502768
1668949194.953378 0.4409757 0.2356824 5.4020815 -0.0254881 -0.3068314 -0.0184231 0.9512442
1668949195.152700 0.4487071 0.2370078 5.4278927 -0.0202812 -0.2896777 -0.0223938 0.9566473
1668949195.452826 0.4578395 0.2392919 5.4670134 -0.0218187 -0.3032352 -0.0327088 0.9521043
1668949195.652071 0.4582973 0.2417070 5.4896603 -0.0224267 -0.3169716 -0.0244461 0.9478547
1668949195.852837 0.4538507 0.2430904 5.5171824 -0.0077222 -0.3320792 -0.0244259 0.9429036
1668949196.052675 0.4525099 0.2375808 5.5480785 0.0082016 -0.3377205 -0.0198701 0.9410010
1668949196.352855 0.4520791 0.2398362 5.5918627 -0.0082562 -0.3575222 -0.0140687 0.9337623
1668949196.552813 0.4531024 0.2407745 5.6195517 0.0038647 -0.3900421 -0.0182149 0.9206088
1668949196.752985 0.4517913 0.2414740 5.6477547 0.0208511 -0.4398429 -0.0316295 0.8972754
1668949196.950620 0.4437594 0.2436485 5.6707721 0.0050508 -0.4899963 -0.0193517 0.8714951
1668949197.150745 0.4269466 0.2497104 5.6929374 -0.0078170 -0.5264863 -0.0108510 0.8500783
1668949197.350645 0.4029193 0.2501493 5.7208128 0.0024956 -0.5515671 -0.0062604 0.8341032
1668949197.550790 0.3798075 0.2460200 5.7445698 0.0186895 -0.5788904 0.0082586 0.8151494
1668949197.750771 0.3585877 0.2485057 5.7611375 0.0053462 -0.6112702 0.0156184 0.7912498
1668949197.950955 0.3377657 0.2525585 5.7815876 0.0118294 -0.6352476 0.0180871 0.7720061
1668949198.150753 0.3110437 0.2535262 5.8074694 0.0206116 -0.6528576 0.0142219 0.7570667
1668949198.350878 0.2868428 0.2539921 5.8264165 0.0134030 -0.6817342 0.0070370 0.7314433
1668949198.550628 0.2606902 0.2578932 5.8422575 0.0032575 -0.6940417 0.0077359 0.7198858
1668949198.750865 0.2273154 0.2591631 5.8560486 0.0202998 -0.6922619 0.0169407 0.7211618
1668949198.950871 0.1933188 0.2551157 5.8708444 0.0274220 -0.6903070 0.0301343 0.7223685
1668949199.150728 0.1647124 0.2546091 5.8829069 0.0121492 -0.6915179 0.0371526 0.7213009
1668949199.350814 0.1327806 0.2596820 5.8981476 0.0080434 -0.7005383 0.0301448 0.7129325
1668949199.550740 0.0997453 0.2604316 5.9165912 0.0142158 -0.7101085 0.0246227 0.7035180
1668949199.750734 0.0665102 0.2564953 5.9276562 0.0243634 -0.7332152 0.0209132 0.6792382
1668949199.950627 0.0324936 0.2595270 5.9354706 0.0253759 -0.7403265 0.0258747 0.6712699
1668949200.150791 -0.0079498 0.2618319 5.9372277 0.0252244 -0.7352000 0.0321951 0.6766152
1668949200.351069 -0.0464354 0.2585078 5.9413877 0.0217180 -0.7294030 0.0437501 0.6823383
1668949200.550952 -0.0808372 0.2576058 5.9452381 0.0112494 -0.7250736 0.0480529 0.6869008
1668949200.750929 -0.1187449 0.2619152 5.9532285 0.0138035 -0.7293007 0.0431397 0.6826924
1668949200.950909 -0.1586957 0.2595837 5.9615116 0.0225822 -0.7376926 0.0400539 0.6735691
1668949201.150726 -0.1952639 0.2577302 5.9644375 0.0249136 -0.7507973 0.0385111 0.6589383
1668949201.350556 -0.2325439 0.2604871 5.9660759 0.0321498 -0.7444489 0.0449979 0.6653852
1668949201.550545 -0.2717648 0.2584569 5.9688673 0.0318123 -0.7326539 0.0474173 0.6782019
1668949201.750621 -0.3060675 0.2557649 5.9695592 0.0212953 -0.7273359 0.0561411 0.6836498
1668949201.952742 -0.3392568 0.2561703 5.9737382 0.0221193 -0.7331693 0.0504150 0.6778140
1668949202.152868 -0.3728290 0.2585922 5.9820037 0.0357304 -0.7452917 0.0539033 0.6635948
1668949202.452724 -0.4213142 0.2575972 5.9980888 0.0442266 -0.7649884 0.0348973 0.6415754
1668949202.653144 -0.4473796 0.2576595 6.0007305 0.0384081 -0.7707703 0.0305608 0.6352196
1668949202.852844 -0.4780321 0.2599769 6.0015912 0.0360920 -0.7751633 0.0370094 0.6296425
1668949203.152753 -0.5235720 0.2587789 6.0006766 0.0320675 -0.7764426 0.0448212 0.6277735
1668949203.352824 -0.5510740 0.2602808 6.0028214 0.0153277 -0.7796870 0.0417108 0.6245906
1668949203.553306 -0.5815625 0.2636338 6.0067711 0.0159979 -0.7858358 0.0382757 0.6170424
1668949203.752722 -0.6156650 0.2607038 6.0139151 0.0330212 -0.7948738 0.0379417 0.6046864
1668949203.952887 -0.6479101 0.2581429 6.0180917 0.0485351 -0.8058311 0.0275299 0.5895105
1668949204.252128 -0.6894031 0.2598810 6.0156775 0.0418268 -0.8160991 0.0291491 0.5756589
1668949204.552730 -0.7350287 0.2547438 6.0093231 0.0562184 -0.8181038 0.0521632 0.5699338
1668949204.752605 -0.7594533 0.2532870 6.0052185 0.0408130 -0.8278498 0.0524997 0.5569944
1668949205.052573 -0.7940440 0.2555602 6.0001965 0.0380684 -0.8602126 0.0503619 0.5060127
1668949205.253489 -0.8195052 0.2545746 5.9998941 0.0460323 -0.8804992 0.0537455 0.4687362
1668949205.453134 -0.8399377 0.2514140 5.9964690 0.0511055 -0.9001117 0.0515137 0.4295734
1668949205.652490 -0.8500748 0.2512365 5.9888601 0.0440634 -0.9148078 0.0575437 0.3973336
1668949205.952491 -0.8579121 0.2488898 5.9715261 0.0464672 -0.9380451 0.0708723 0.3359901
1668949206.352746 -0.8573313 0.2456315 5.9535875 0.0398347 -0.9730906 0.0717352 0.2153186
1668949206.652474 -0.8559029 0.2441456 5.9407463 0.0316887 -0.9916591 0.0619362 0.1084979
1668949206.952578 -0.8604293 0.2454390 5.9281135 -0.0377342 0.9974372 -0.0607822 0.0008470
1668949207.153155 -0.8675187 0.2433175 5.9186444 -0.0478232 0.9953877 -0.0657898 0.0508710
1668949207.352532 -0.8685915 0.2445189 5.9094973 -0.0377911 0.9936706 -0.0608677 0.0865210
1668949207.552127 -0.8677973 0.2461337 5.8931222 -0.0325453 0.9922337 -0.0579960 0.1051177
1668949207.852676 -0.8616813 0.2429475 5.8565798 -0.0354178 0.9911371 -0.0670555 0.1090699
1668949208.053854 -0.8560594 0.2384655 5.8346367 -0.0315140 0.9896929 -0.0771452 0.1164625
1668949208.252613 -0.8482981 0.2393157 5.8170071 -0.0250433 0.9870426 -0.0729024 0.1407304
1668949208.452561 -0.8388987 0.2410051 5.8050237 -0.0248506 0.9787098 -0.0732390 0.1901205
1668949208.750398 -0.8218451 0.2437157 5.7891655 -0.0187308 0.9470229 -0.0693290 0.3130342
1668949208.950299 -0.8142266 0.2454290 5.7830291 -0.0150956 0.9172750 -0.0747459 0.3908862
1668949209.350303 -0.8060193 0.2410743 5.7662368 -0.0241462 0.8601940 -0.0887962 0.5015960
1668949209.550310 -0.8019013 0.2402078 5.7654552 -0.0211780 0.8269926 -0.0832975 0.5556044
1668949209.750230 -0.7914400 0.2417931 5.7641268 -0.0161453 0.7870337 -0.0728657 0.6123789
1668949209.950156 -0.7846274 0.2425542 5.7668862 -0.0197745 0.7467971 -0.0647546 0.6615964
1668949210.151827 -0.7750249 0.2442059 5.7698603 -0.0202205 0.7194394 -0.0595272 0.6917042
1668949210.350313 -0.7581177 0.2441922 5.7725344 -0.0199343 0.7046726 -0.0628874 0.7064590
1668949210.550321 -0.7380548 0.2417808 5.7753530 -0.0174524 0.7010745 -0.0645496 0.7099460
1668949210.750334 -0.7186222 0.2419828 5.7763243 -0.0066866 0.7103535 -0.0718471 0.7001366
1668949210.950345 -0.6994777 0.2422045 5.7752681 -0.0120408 0.7090600 -0.0464850 0.7035112
1668949211.150268 -0.6740904 0.2462405 5.7728257 -0.0226315 0.7048779 -0.0169327 0.7087652
1668949211.350230 -0.6469302 0.2491723 5.7684674 -0.0136951 0.6952354 -0.0196792 0.7183821
1668949211.550276 -0.6132984 0.2462454 5.7631645 -0.0161281 0.6784501 -0.0321561 0.7337652
1668949211.750196 -0.5790710 0.2431240 5.7616439 -0.0148694 0.6658229 -0.0573133 0.7437567
1668949211.950672 -0.5449219 0.2435931 5.7591677 -0.0201074 0.6561161 -0.0598167 0.7520170
1668949212.150332 -0.5086927 0.2452220 5.7613659 -0.0138686 0.6611791 -0.0567967 0.7479466
1668949212.350611 -0.4724112 0.2442367 5.7609034 0.0099479 0.6855204 -0.0408781 0.7268369
1668949212.550425 -0.4346285 0.2456947 5.7596755 -0.0079729 0.7034455 -0.0234959 0.7103160
1668949212.750670 -0.3974609 0.2482726 5.7505445 -0.0198595 0.7079617 -0.0190887 0.7057135
1668949212.950651 -0.3615699 0.2432718 5.7415605 -0.0169549 0.6958909 -0.0364756 0.7170202
1668949213.150648 -0.3277841 0.2452935 5.7383680 -0.0229469 0.6852342 -0.0239919 0.7275656
1668949213.350483 -0.2884560 0.2494636 5.7361937 -0.0215094 0.6874948 -0.0277055 0.7253418
1668949213.550627 -0.2467856 0.2485077 5.7375631 -0.0162991 0.6977097 -0.0228704 0.7158298
1668949213.752880 -0.2067776 0.2442604 5.7362342 -0.0105478 0.7096575 -0.0290481 0.7038687
1668949213.953014 -0.1677012 0.2467041 5.7351069 -0.0067726 0.7072577 -0.0276297 0.7063832
1668949214.152825 -0.1265512 0.2491427 5.7309270 -0.0069254 0.7010548 -0.0306841 0.7124134
1668949214.352958 -0.0862274 0.2452741 5.7272744 -0.0126599 0.6871908 -0.0461086 0.7249017
1668949214.553018 -0.0498366 0.2469810 5.7274995 -0.0079865 0.6776655 -0.0506966 0.7335773
1668949214.752936 -0.0085740 0.2490588 5.7307720 0.0002914 0.6841017 -0.0398976 0.7282946
1668949214.953031 0.0299854 0.2465523 5.7338834 -0.0001573 0.7028584 -0.0304522 0.7106776
1668949215.152961 0.0655780 0.2469373 5.7316279 0.0036488 0.7028726 -0.0179630 0.7110795
1668949215.353102 0.1048536 0.2509673 5.7261539 -0.0002010 0.7012953 -0.0222250 0.7125243
1668949215.553154 0.1453338 0.2475286 5.7223406 -0.0010055 0.6942000 -0.0308372 0.7191206
1668949215.852314 0.1995940 0.2465782 5.7181344 -0.0243899 0.6703611 -0.0439540 0.7403305
1668949216.052939 0.2378407 0.2467288 5.7172155 -0.0077413 0.6816586 -0.0465756 0.7301455
1668949216.252992 0.2746720 0.2424177 5.7163277 -0.0003327 0.7019404 -0.0415700 0.7110215
1668949216.453119 0.3094583 0.2432289 5.7117257 0.0002337 0.7040321 -0.0306495 0.7095063
1668949216.753177 0.3613296 0.2462074 5.7046337 -0.0030540 0.6931636 -0.0331531 0.7200109
1668949216.953372 0.3929353 0.2431379 5.7008581 -0.0073348 0.6826507 -0.0371344 0.7297638
1668949217.153098 0.4222946 0.2446605 5.6977334 -0.0192490 0.6805591 -0.0312818 0.7317720
1668949217.352988 0.4550338 0.2470667 5.7003312 -0.0159701 0.6818516 -0.0294485 0.7307230
1668949217.653135 0.5059772 0.2430111 5.7015986 -0.0064350 0.7023262 -0.0398525 0.7107098
1668949217.853082 0.5357857 0.2461161 5.6981626 -0.0033112 0.7021521 -0.0267991 0.7115148
1668949218.053037 0.5664358 0.2500211 5.6920819 -0.0029340 0.6880792 -0.0324660 0.7249030
1668949218.252756 0.5987015 0.2526433 5.6875286 -0.0033993 0.6674469 -0.0324430 0.7439426
1668949218.452885 0.6236024 0.2506778 5.6872644 -0.0120346 0.6440595 -0.0362260 0.7640223
1668949218.652883 0.6491542 0.2525258 5.6877413 -0.0175912 0.6331217 -0.0393310 0.7728522
1668949218.852881 0.6772766 0.2512458 5.6895771 -0.0104285 0.6251922 -0.0396822 0.7793916
1668949219.152670 0.7190475 0.2507854 5.6990700 0.0113328 0.5940453 -0.0553592 0.8024445
1668949219.351880 0.7352390 0.2532130 5.7092013 0.0082856 0.5421368 -0.0474095 0.8389107
1668949219.552512 0.7502208 0.2551877 5.7199931 0.0073800 0.4616982 -0.0368125 0.8862422
1668949219.752602 0.7632332 0.2555082 5.7315025 0.0096205 0.3817386 -0.0308019 0.9237068
1668949219.952718 0.7756240 0.2555237 5.7398119 0.0084365 0.3022948 -0.0329730 0.9526067
1668949220.152633 0.7825093 0.2542748 5.7467313 0.0111672 0.2253398 -0.0372115 0.9735054
1668949220.549869 0.7867977 0.2560782 5.7607632 0.0157627 0.1123192 -0.0262583 0.9932002
1668949220.750607 0.7889000 0.2585539 5.7727561 0.0073460 0.0742206 -0.0146049 0.9971079
1668949221.049918 0.7870381 0.2632506 5.8045759 0.0056128 0.0360832 -0.0166018 0.9991952
1668949221.250995 0.7870222 0.2640017 5.8352685 0.0025149 0.0354040 -0.0058990 0.9993526
1668949221.450954 0.7874762 0.2637857 5.8646827 0.0171209 0.0257681 -0.0062657 0.9995018
1668949221.650821 0.7902420 0.2652228 5.8909221 0.0066493 0.0213523 -0.0056834 0.9997338
1668949221.850810 0.7974841 0.2701913 5.9212675 0.0090202 0.0080391 -0.0076164 0.9998981
1668949222.049842 0.8038574 0.2717578 5.9547377 0.0029841 -0.0122071 -0.0091810 0.9998789
1668949222.250653 0.8067663 0.2726406 5.9868736 -0.0028063 -0.0380635 -0.0180805 0.9991078
1668949222.450634 0.8067389 0.2760639 6.0192556 -0.0019712 -0.0541385 -0.0234620 0.9982557
1668949222.650616 0.8025931 0.2799056 6.0566354 0.0055683 -0.0412568 -0.0145088 0.9990278
1668949222.850453 0.8014625 0.2783219 6.0917873 -0.0032093 -0.0146589 0.0007644 0.9998872
1668949223.049564 0.8028759 0.2810097 6.1256967 -0.0140226 0.0003875 0.0123834 0.9998248
1668949223.250426 0.8079868 0.2836925 6.1606903 -0.0037446 -0.0053065 0.0007656 0.9999785
1668949223.450469 0.8126678 0.2816943 6.1966887 0.0123927 -0.0219498 0.0107369 0.9996247
1668949223.650278 0.8162888 0.2814468 6.2289324 0.0052450 -0.0351860 -0.0028160 0.9993631
1668949223.850312 0.8190699 0.2859574 6.2629366 0.0043534 -0.0287837 -0.0057199 0.9995599
1668949224.049460 0.8179554 0.2862730 6.3066773 0.0148070 -0.0208831 -0.0141229 0.9995726
1668949224.250374 0.8173563 0.2845144 6.3437109 0.0173296 -0.0061777 0.0093539 0.9997869
1668949224.450304 0.8213984 0.2892425 6.3773847 -0.0011993 0.0004346 0.0103459 0.9999457
1668949224.650222 0.8269577 0.2947331 6.4124603 0.0008539 -0.0088790 -0.0047539 0.9999490
1668949224.850150 0.8305624 0.2950270 6.4506521 -0.0069288 -0.0258327 -0.0081251 0.9996093
1668949225.050356 0.8323756 0.2958916 6.4783449 -0.0185719 -0.0399211 -0.0176957 0.9988734
1668949225.250344 0.8329656 0.3005448 6.5190425 -0.0109237 -0.0375693 -0.0206053 0.9990218
1668949225.452196 0.8309267 0.3019334 6.5578609 -0.0133641 -0.0184666 -0.0113106 0.9996762
1668949225.652732 0.8331289 0.3009868 6.5946412 -0.0137162 0.0094416 0.0010906 0.9998608
1668949225.852673 0.8337416 0.3052244 6.6277966 -0.0277219 0.0160805 0.0146161 0.9993795
1668949226.152747 0.8426641 0.3102353 6.6800203 -0.0210455 -0.0025788 0.0156607 0.9996526
1668949226.352551 0.8446847 0.3092923 6.7158895 -0.0243578 -0.0343986 0.0049682 0.9990990
1668949226.652619 0.8423480 0.3134193 6.7679081 -0.0221353 -0.0531406 0.0072184 0.9983156
1668949226.852617 0.8407217 0.3138223 6.8157010 -0.0173239 -0.0436815 0.0070869 0.9988702
1668949227.052094 0.8444369 0.3134807 6.8536911 -0.0170751 -0.0150223 0.0153745 0.9996231
1668949227.252559 0.8469230 0.3198963 6.8870621 -0.0261932 -0.0021013 0.0309550 0.9991754
1668949227.552266 0.8574526 0.3209806 6.9455252 -0.0082561 -0.0400296 0.0246919 0.9988592
1668949227.752748 0.8587111 0.3213182 6.9786663 -0.0167190 -0.0605985 0.0128903 0.9979389
1668949227.952136 0.8614170 0.3243613 7.0150013 -0.0081300 -0.0519117 -0.0040480 0.9986104
1668949228.252705 0.8577044 0.3227634 7.0738420 0.0085163 -0.0279571 0.0073604 0.9995458
1668949228.452599 0.8610608 0.3263218 7.1107078 -0.0122017 0.0016014 0.0141336 0.9998245
1668949228.652581 0.8646111 0.3314683 7.1473670 -0.0209003 0.0036408 0.0211071 0.9995522
1668949228.852605 0.8712987 0.3336255 7.1879544 -0.0225089 -0.0106816 0.0250933 0.9993745
1668949229.052507 0.8688956 0.3303212 7.2230768 -0.0249512 -0.0442609 0.0018305 0.9987068
1668949229.252603 0.8686427 0.3372290 7.2558956 -0.0237606 -0.0591208 -0.0095346 0.9979225
1668949229.452723 0.8656395 0.3399330 7.2951264 -0.0191305 -0.0426914 0.0046179 0.9988945
1668949229.752689 0.8617957 0.3373341 7.3553004 -0.0125189 -0.0120057 0.0127339 0.9997686
1668949229.952845 0.8628186 0.3409465 7.3937612 -0.0195374 -0.0021035 0.0143003 0.9997047
1668949230.252654 0.8689174 0.3422271 7.4555163 -0.0116955 -0.0102569 -0.0002719 0.9998789
1668949230.552522 0.8665825 0.3442344 7.5131540 -0.0120094 -0.0485429 -0.0236237 0.9984695
1668949230.752536 0.8622998 0.3483233 7.5554328 -0.0082925 -0.0428884 -0.0070486 0.9990205
1668949231.052615 0.8613179 0.3462908 7.6131864 -0.0117986 -0.0058018 0.0088961 0.9998741
1668949231.352650 0.8672686 0.3535772 7.6695933 -0.0093091 -0.0038824 0.0099581 0.9998996
1668949231.552653 0.8719732 0.3542018 7.7115054 0.0017683 -0.0129097 0.0044707 0.9999052
1668949231.852630 0.8740243 0.3576111 7.7704339 -0.0121830 -0.0479244 -0.0068322 0.9987534
1668949232.052237 0.8737397 0.3639669 7.8134327 -0.0137814 -0.0296136 0.0058832 0.9994490
1668949232.250449 0.8757838 0.3611014 7.8536148 -0.0129102 0.0069937 0.0170867 0.9997463
1668949232.550359 0.8822520 0.3692103 7.9103212 -0.0362902 0.0294135 0.0248757 0.9985986
1668949232.750285 0.8864768 0.3731177 7.9522486 -0.0135923 0.0060611 -0.0018666 0.9998876
1668949233.050454 0.8860165 0.3735667 8.0119257 -0.0242452 -0.0405571 0.0056282 0.9988672
1668949233.250278 0.8881214 0.3799669 8.0529585 -0.0229542 -0.0296014 0.0021786 0.9992959
1668949233.450448 0.8865793 0.3794467 8.0927505 -0.0361633 -0.0020812 0.0227524 0.9990848
1668949233.750203 0.8930345 0.3829944 8.1520977 -0.0413320 0.0305029 0.0193556 0.9984922
1668949234.050314 0.9041764 0.3894506 8.2158442 -0.0312368 0.0009945 -0.0055637 0.9994961
1668949234.250432 0.9016609 0.3869314 8.2560215 -0.0298437 -0.0385941 -0.0156144 0.9986872
1668949234.450184 0.9015164 0.3934214 8.2959337 -0.0157283 -0.0417716 -0.0207814 0.9987873
1668949234.650465 0.9014331 0.3942881 8.3376169 -0.0404016 -0.0067322 -0.0040968 0.9991525
1668949234.850232 0.9053555 0.3937787 8.3769331 -0.0373702 0.0295643 0.0099168 0.9988149
1668949235.050465 0.9083640 0.3997263 8.4150419 -0.0507022 0.0368680 0.0100432 0.9979826
1668949235.250482 0.9156346 0.4031664 8.4581623 -0.0516554 0.0328941 -0.0051054 0.9981101
1668949235.450442 0.9180754 0.3981519 8.4979620 -0.0355552 0.0004850 -0.0215041 0.9991363
1668949235.750187 0.9142367 0.4032860 8.5573778 -0.0232582 -0.0246191 -0.0127470 0.9993451
1668949235.950378 0.9103960 0.4004461 8.5960073 -0.0186719 -0.0001499 -0.0027206 0.9998220
1668949236.250442 0.9126154 0.4029188 8.6520948 -0.0254409 0.0167066 0.0041290 0.9995282
1668949236.450193 0.9174905 0.4076957 8.6900148 -0.0278229 0.0118958 -0.0061760 0.9995229
1668949236.650463 0.9189875 0.4042280 8.7306356 -0.0192071 -0.0105487 0.0008458 0.9997594
1668949236.850194 0.9180406 0.4059229 8.7687225 -0.0254518 -0.0411431 -0.0153991 0.9987104
1668949237.050550 0.9169151 0.4124467 8.8084517 -0.0338609 -0.0244993 -0.0150311 0.9990132
1668949237.352569 0.9168862 0.4087131 8.8682861 -0.0187206 0.0099924 -0.0053433 0.9997606
1668949237.552500 0.9187459 0.4113187 8.9046354 -0.0268962 0.0247631 0.0140494 0.9992328
1668949237.852279 0.9320202 0.4172236 8.9645739 -0.0265551 0.0227061 0.0058274 0.9993724
1668949238.052488 0.9357395 0.4149057 9.0008802 -0.0271030 -0.0053922 -0.0093612 0.9995742
1668949238.252575 0.9374732 0.4199185 9.0379486 -0.0353508 -0.0189962 -0.0229177 0.9989316
1668949238.452086 0.9362026 0.4243924 9.0793295 -0.0471240 0.0020008 -0.0114654 0.9988213
1668949238.652544 0.9361539 0.4197557 9.1220398 -0.0328800 0.0273554 0.0017593 0.9990834
1668949238.852565 0.9378863 0.4209695 9.1594343 -0.0288650 0.0423489 0.0197026 0.9984915
1668949239.152336 0.9480768 0.4252535 9.2238321 -0.0215464 0.0364335 0.0123561 0.9990274
1668949239.352473 0.9499772 0.4204671 9.2647514 -0.0071583 0.0036478 -0.0081067 0.9999348
1668949239.552418 0.9492642 0.4234698 9.2999601 -0.0073776 -0.0172918 -0.0159345 0.9996963
1668949239.752879 0.9472784 0.4285654 9.3411942 -0.0061565 -0.0052610 -0.0091235 0.9999257
1668949239.951999 0.9466165 0.4266762 9.3824806 -0.0091084 0.0158150 0.0032472 0.9998282
1668949240.252521 0.9502172 0.4323977 9.4396696 -0.0211730 0.0303201 0.0173062 0.9991660
1668949240.452494 0.9568337 0.4376712 9.4826517 -0.0079912 0.0148006 0.0091958 0.9998163
1668949240.652488 0.9596288 0.4360383 9.5234919 -0.0157265 -0.0143764 -0.0023902 0.9997702
1668949240.852604 0.9603118 0.4388107 9.5605288 -0.0175862 -0.0385928 -0.0151604 0.9989853
1668949241.052523 0.9598528 0.4442860 9.6022577 -0.0177130 -0.0204997 -0.0055450 0.9996176
1668949241.352023 0.9609303 0.4410832 9.6642418 -0.0202694 0.0115394 0.0068837 0.9997043
1668949241.650177 0.9646716 0.4503615 9.7215672 -0.0273382 0.0112722 0.0147609 0.9994536
1668949241.850240 0.9698063 0.4528192 9.7655897 -0.0136862 0.0044532 0.0085758 0.9998596
1668949242.050575 0.9692649 0.4515700 9.8045015 -0.0247113 -0.0287401 -0.0065859 0.9992598
1668949242.250186 0.9696728 0.4579296 9.8449259 -0.0219444 -0.0338724 -0.0152379 0.9990691
1668949242.450196 0.9680772 0.4590203 9.8878088 -0.0316278 -0.0061996 0.0035080 0.9994744
1668949242.650228 0.9699067 0.4572200 9.9283266 -0.0301326 0.0231441 0.0189263 0.9990987
1668949242.850210 0.9733454 0.4638065 9.9672260 -0.0394252 0.0335823 0.0215381 0.9984258
1668949243.050262 0.9790691 0.4682674 10.0094452 -0.0262638 0.0141150 0.0034707 0.9995494
1668949243.349540 0.9804047 0.4668355 10.0665846 -0.0266826 -0.0437693 -0.0182007 0.9985195
1668949243.549693 0.9825475 0.4723290 10.1085901 -0.0219257 -0.0366513 -0.0183503 0.9989191
1668949243.850286 0.9811583 0.4704517 10.1726599 -0.0162623 0.0052610 0.0027893 0.9998500
1668949244.050301 0.9850107 0.4738595 10.2118692 -0.0249387 0.0200521 0.0178602 0.9993283
1668949244.349251 0.9956997 0.4782088 10.2741098 -0.0115094 0.0009008 0.0090343 0.9998926
1668949244.650206 0.9969776 0.4746340 10.3281546 -0.0017099 -0.0330373 -0.0074249 0.9994251
1668949244.850266 0.9947501 0.4789962 10.3634148 -0.0114271 -0.0315525 -0.0100913 0.9993859
1668949245.149165 0.9880450 0.4802225 10.4208870 -0.0118511 -0.0055549 -0.0010831 0.9999138
1668949245.450268 0.9874135 0.4846025 10.4762907 -0.0273443 0.0104787 0.0028133 0.9995673
1668949245.749062 0.9911991 0.4861490 10.5340748 -0.0217107 -0.0075773 -0.0083670 0.9997006
1668949246.050314 0.9908780 0.4896589 10.5953312 -0.0242776 -0.0248756 -0.0221077 0.9991512
1668949246.250459 0.9884303 0.4953294 10.6382790 -0.0246223 -0.0070528 -0.0055275 0.9996567
1668949246.552656 0.9886465 0.4912903 10.6965656 -0.0163332 0.0162758 0.0038256 0.9997269
1668949246.752229 0.9933069 0.4955221 10.7372274 -0.0156006 0.0137935 0.0030541 0.9997786
1668949246.951839 1.0014589 0.4965754 10.7787704 -0.0092058 0.0023438 -0.0020183 0.9999529
1668949247.152308 1.0053682 0.4960369 10.8161135 -0.0132598 -0.0184944 -0.0152955 0.9996241
1668949247.352330 1.0091912 0.5007875 10.8559189 -0.0048357 -0.0211040 -0.0250420 0.9994520
1668949247.552475 1.0109017 0.5041989 10.8988514 -0.0128299 0.0002698 -0.0176880 0.9997613
1668949247.752258 1.0137751 0.5038899 10.9388514 -0.0243539 0.0139185 -0.0081740 0.9995732
1668949247.952830 1.0167930 0.5064154 10.9762821 -0.0195574 0.0133054 -0.0090744 0.9996791
1668949248.152543 1.0209501 0.5120991 11.0175018 -0.0179552 0.0011944 -0.0152918 0.9997212
1668949248.352556 1.0219465 0.5100482 11.0575409 -0.0170921 -0.0252731 -0.0165778 0.9993970
1668949248.553272 1.0179513 0.5130794 11.0948219 -0.0152759 -0.0425372 -0.0280016 0.9985856
1668949248.752553 1.0107775 0.5171944 11.1362753 -0.0159154 -0.0260013 -0.0172281 0.9993868
1668949248.952699 1.0042573 0.5150558 11.1743374 -0.0210380 -0.0039392 -0.0028362 0.9997668
1668949249.252527 1.0034976 0.5200480 11.2330074 -0.0155179 -0.0019617 0.0000132 0.9998778
1668949249.452638 1.0046228 0.5222362 11.2718887 -0.0155950 -0.0049137 -0.0062773 0.9998467
1668949249.753100 1.0025992 0.5214688 11.3285656 -0.0062969 -0.0310133 -0.0324621 0.9989719
1668949250.052680 0.9964276 0.5257267 11.3901863 -0.0114328 0.0012833 -0.0065335 0.9999126
1668949250.252949 0.9937974 0.5236651 11.4284678 -0.0081240 0.0215203 0.0020867 0.9997332
1668949250.552518 0.9925476 0.5316057 11.4819593 -0.0225369 0.0161594 0.0020345 0.9996134
1668949250.752674 0.9955826 0.5328085 11.5221043 -0.0150698 0.0088915 -0.0015893 0.9998457
1668949250.953112 0.9963096 0.5316354 11.5620813 -0.0180822 -0.0141482 -0.0110787 0.9996751
1668949251.252526 0.9931023 0.5372885 11.6217718 -0.0065873 -0.0071820 -0.0166656 0.9998137
1668949251.452573 0.9918688 0.5347688 11.6635599 -0.0031585 0.0223388 -0.0027299 0.9997417
1668949251.752823 0.9955505 0.5399929 11.7204266 -0.0196511 0.0388243 0.0089550 0.9990126
1668949251.953087 0.9989097 0.5456728 11.7604237 -0.0194606 0.0278378 -0.0007430 0.9994228
1668949252.152430 1.0017557 0.5436745 11.7993135 -0.0110887 0.0148082 -0.0079151 0.9997976
1668949252.352997 1.0060434 0.5460156 11.8354158 -0.0156296 -0.0047629 -0.0274295 0.9994903
1668949252.552890 1.0073577 0.5508246 11.8773441 -0.0194175 0.0073020 -0.0117403 0.9997159
1668949252.752885 1.0083541 0.5499584 11.9143343 -0.0297966 0.0209422 -0.0101280 0.9992852
1668949252.953326 1.0149951 0.5526385 11.9554768 -0.0386300 0.0233524 0.0120609 0.9989079
1668949253.152539 1.0227420 0.5574669 11.9944115 -0.0264475 0.0197470 0.0004247 0.9994550
1668949253.352843 1.0298300 0.5550848 12.0330534 -0.0112272 -0.0009367 -0.0138137 0.9998410
1668949253.553052 1.0329506 0.5554197 12.0727301 -0.0160799 -0.0327419 -0.0231999 0.9990652
1668949253.752893 1.0349956 0.5592470 12.1124954 -0.0055612 -0.0280929 -0.0199604 0.9993906
1668949253.953274 1.0322343 0.5564747 12.1482382 -0.0141699 -0.0082061 0.0000098 0.9998660
1668949254.152840 1.0316274 0.5559596 12.1827164 -0.0083941 -0.0030857 0.0115390 0.9998935
1668949254.353498 1.0349518 0.5602756 12.2196407 0.0019314 -0.0127262 0.0049659 0.9999048
1668949254.552642 1.0430804 0.5616337 12.2561846 -0.0012979 -0.0135492 -0.0016843 0.9999060
1668949254.752812 1.0504251 0.5626727 12.2934179 -0.0125717 -0.0304274 -0.0134016 0.9993681
1668949254.953438 1.0533458 0.5668098 12.3245649 -0.0215654 -0.0288930 -0.0166809 0.9992107
1668949255.152876 1.0536621 0.5698741 12.3618517 -0.0116345 -0.0037010 -0.0082549 0.9998915
1668949255.352729 1.0540487 0.5685244 12.3994427 -0.0134646 0.0213416 0.0040998 0.9996732
1668949255.552925 1.0561347 0.5715832 12.4316378 -0.0229264 0.0368998 0.0161095 0.9989260
1668949255.751726 1.0610731 0.5759823 12.4663715 -0.0282811 0.0303900 0.0106458 0.9990813
1668949255.950931 1.0679821 0.5785403 12.5053329 -0.0148483 0.0188954 0.0068022 0.9996881
1668949256.150627 1.0701493 0.5766432 12.5402918 -0.0165742 -0.0123635 -0.0105135 0.9997310
1668949256.350780 1.0706667 0.5804851 12.5748358 -0.0086215 -0.0249052 -0.0246643 0.9993484
1668949256.550554 1.0667098 0.5842397 12.6114388 -0.0114797 -0.0195485 -0.0173908 0.9995916
1668949256.750727 1.0645903 0.5820778 12.6463261 -0.0048489 -0.0088284 -0.0027696 0.9999455
1668949256.950635 1.0648754 0.5842667 12.6768141 -0.0157314 -0.0047990 0.0100846 0.9998138
1668949257.150787 1.0702579 0.5897647 12.7087927 -0.0152667 -0.0232576 0.0065311 0.9995916
1668949257.350527 1.0781019 0.5912915 12.7426949 -0.0092888 -0.0448346 0.0015537 0.9989499
1668949257.550641 1.0851657 0.5881140 12.7734308 -0.0074677 -0.0763823 -0.0208593 0.9968325
1668949257.850761 1.0864894 0.5912274 12.8110886 -0.0110274 -0.0958370 -0.0203808 0.9951272
1668949258.150604 1.0860548 0.5933433 12.8484507 -0.0060928 -0.1039227 -0.0193697 0.9943781
1668949258.350801 1.0905802 0.5931820 12.8724203 -0.0119463 -0.1218023 -0.0135945 0.9923894
1668949258.550688 1.0932636 0.5970874 12.8898602 -0.0255524 -0.1502231 -0.0113170 0.9882571
1668949258.750775 1.0996590 0.6008877 12.9089880 -0.0273860 -0.1770309 0.0008878 0.9838237
1668949258.950907 1.1113544 0.6019565 12.9362106 -0.0263294 -0.2124936 -0.0034426 0.9768017
1668949259.150862 1.1206489 0.6004449 12.9596825 -0.0122156 -0.2587041 -0.0300921 0.9654105
1668949259.350612 1.1226234 0.6021407 12.9798603 -0.0230017 -0.2958591 -0.0292441 0.9545068
1668949259.550881 1.1190987 0.6037879 13.0051851 -0.0169182 -0.3208950 -0.0245909 0.9466442
1668949259.750659 1.1160994 0.6038377 13.0280552 0.0019667 -0.3339424 -0.0285301 0.9421597
1668949259.951011 1.1140795 0.5988780 13.0545521 0.0072212 -0.3562956 -0.0199002 0.9341334
1668949260.150684 1.1101427 0.6018000 13.0717239 0.0023699 -0.3995341 -0.0117184 0.9166405
1668949260.350866 1.1072512 0.6040424 13.0896807 0.0165853 -0.4530501 -0.0063983 0.8913079
1668949260.550813 1.1059065 0.6040853 13.1131134 0.0155119 -0.5013935 -0.0226911 0.8647826
1668949260.751598 1.1048307 0.6056638 13.1334867 0.0191529 -0.5413936 -0.0376842 0.8397059
1668949260.953280 1.0931854 0.6084825 13.1488886 0.0168816 -0.5690150 -0.0304929 0.8215883
1668949261.152648 1.0750713 0.6113795 13.1635475 0.0183051 -0.5903246 -0.0298751 0.8064052
1668949261.352983 1.0550137 0.6082839 13.1788273 0.0243811 -0.6137106 -0.0246419 0.7887698
1668949261.553123 1.0336542 0.6063529 13.1952314 0.0194398 -0.6228540 -0.0017475 0.7820947
1668949261.853154 1.0058413 0.6106163 13.2112484 0.0044702 -0.6384137 0.0050883 0.7696637
1668949262.052960 0.9851980 0.6121978 13.2287121 0.0238091 -0.6475961 0.0096058 0.7615512
1668949262.253058 0.9630003 0.6112207 13.2456484 0.0418533 -0.6559663 0.0163697 0.7534510
1668949262.452927 0.9410515 0.6102154 13.2574053 0.0207890 -0.6772471 0.0014918 0.7354603
1668949262.653055 0.9136190 0.6171494 13.2643051 0.0063837 -0.6884567 -0.0078078 0.7252074
1668949262.852899 0.8828106 0.6155772 13.2689352 0.0280980 -0.6823366 -0.0016516 0.7304961
1668949263.052937 0.8542194 0.6089617 13.2701035 0.0318236 -0.6805432 0.0182131 0.7317899
1668949263.252572 0.8264666 0.6092601 13.2743902 -0.0003103 -0.6831974 0.0204950 0.7299460
1668949263.453108 0.7968359 0.6136041 13.2805824 -0.0046396 -0.6914920 0.0151834 0.7222097
1668949263.652877 0.7631702 0.6160032 13.2890635 0.0019399 -0.6964841 0.0206625 0.7172720
1668949263.852948 0.7300968 0.6094913 13.2963552 0.0209664 -0.7045123 0.0227568 0.7090169
1668949264.052914 0.7025690 0.6091565 13.3013048 0.0148153 -0.7122849 0.0173587 0.7015193
1668949264.252266 0.6682625 0.6135207 13.3029861 0.0141771 -0.7070162 0.0122852 0.7069485
1668949264.452867 0.6343441 0.6115103 13.3031712 0.0021490 -0.6996447 0.0133858 0.7143623
1668949264.652969 0.6000366 0.6075860 13.3055305 0.0032285 -0.6850858 0.0280165 0.7279163
1668949264.852896 0.5693216 0.6096964 13.3080635 0.0050771 -0.6865235 0.0250410 0.7266585
1668949265.052846 0.5345001 0.6121434 13.3179131 0.0085331 -0.6934580 0.0260004 0.7199773
1668949265.252833 0.4997501 0.6073120 13.3252811 0.0185374 -0.6994522 0.0364489 0.7135085
1668949265.452922 0.4695406 0.6067574 13.3317871 0.0052458 -0.7111179 0.0088054 0.7029981
1668949265.652833 0.4384203 0.6105417 13.3339291 -0.0191253 -0.7083853 0.0019647 0.7055641
1668949265.953010 0.3894835 0.6061211 13.3313074 -0.0298850 -0.7153867 0.0267568 0.6975764
1668949266.152682 0.3577738 0.6056402 13.3295794 -0.0257338 -0.7064086 0.0278320 0.7067885
1668949266.452504 0.3117342 0.6101012 13.3276520 -0.0257911 -0.7205640 0.0130674 0.6927854
1668949266.652698 0.2753172 0.6096699 13.3306885 -0.0125833 -0.7222365 0.0174443 0.6913116
1668949266.953189 0.2229986 0.6046430 13.3337116 -0.0065710 -0.7203619 0.0265956 0.6930572
1668949267.152699 0.1871815 0.6047536 13.3310528 0.0003720 -0.7090846 0.0347142 0.7042683
1668949267.452685 0.1357470 0.5989568 13.3243227 0.0022503 -0.6978486 0.0460145 0.7147622
1668949267.650241 0.1034718 0.6011978 13.3210430 -0.0103942 -0.7061149 0.0408273 0.7068428
1668949267.850389 0.0671921 0.6054236 13.3263483 -0.0020214 -0.7137418 0.0340716 0.6995768
1668949268.150797 0.0091867 0.6015668 13.3337297 0.0259151 -0.7221903 0.0188300 0.6909522
1668949268.450225 -0.0448627 0.6048737 13.3368511 0.0279623 -0.7214907 0.0297769 0.6912181
1668949268.650300 -0.0811033 0.6046999 13.3387356 0.0088782 -0.7100208 0.0240349 0.7037144
1668949268.950875 -0.1318865 0.6057220 13.3427553 0.0007047 -0.6962981 0.0278246 0.7172128
1668949269.150457 -0.1662035 0.6093009 13.3506565 0.0013986 -0.7035533 0.0278871 0.7100937
1668949269.350267 -0.2024508 0.6077349 13.3594713 0.0083050 -0.7190326 0.0267282 0.6944125
1668949269.650258 -0.2489567 0.6072104 13.3683767 0.0122765 -0.7334974 0.0205862 0.6792695
1668949269.950408 -0.3037128 0.6080568 13.3751373 -0.0104151 -0.7149423 0.0235122 0.6987104
1668949270.250498 -0.3521700 0.6043808 13.3874712 -0.0183513 -0.7066903 0.0381346 0.7062562
1668949270.550304 -0.3999739 0.6083372 13.3988667 0.0004907 -0.7260237 0.0327314 0.6868901
1668949270.850274 -0.4444036 0.6019387 13.4105749 0.0164329 -0.7589855 0.0203327 0.6505826
1668949271.150330 -0.4819307 0.6028949 13.4085140 0.0181050 -0.7874659 0.0253191 0.6155718
1668949271.350288 -0.5102720 0.6011562 13.4066010 0.0241082 -0.7922630 0.0336821 0.6087723
1668949271.650287 -0.5384483 0.5996073 13.3971777 0.0061445 -0.8222547 0.0304955 0.5682689
1668949271.950367 -0.5567865 0.5978806 13.3860779 0.0140715 -0.8761347 0.0400556 0.4801934
1668949272.150298 -0.5661726 0.5970980 13.3814430 0.0223334 -0.9047513 0.0425872 0.4232172
1668949272.450431 -0.5749950 0.5968932 13.3778114 0.0198301 -0.9363418 0.0441256 0.3477412
1668949272.752888 -0.5742221 0.5972663 13.3733206 0.0229584 -0.9560950 0.0481845 0.2881550
1668949272.952919 -0.5721669 0.5978256 13.3694210 0.0241938 -0.9685136 0.0494604 0.2427959
1668949273.252105 -0.5686555 0.5967116 13.3633986 0.0256178 -0.9846904 0.0468249 0.1659402
1668949273.552821 -0.5595911 0.5947591 13.3577404 0.0276296 -0.9950711 0.0462108 0.0832759
1668949273.852888 -0.5481343 0.5968383 13.3461647 -0.0175415 0.9991854 -0.0359414 0.0053911
1668949274.052748 -0.5389337 0.5950931 13.3324146 -0.0119509 0.9988809 -0.0324327 0.0322850
1668949274.252847 -0.5289637 0.5930364 13.3158741 -0.0096336 0.9984065 -0.0375193 0.0410387
1668949274.452717 -0.5223473 0.5909621 13.3006020 -0.0044190 0.9978552 -0.0467752 0.0455816
1668949274.653482 -0.5138811 0.5902670 13.2892017 -0.0018889 0.9971374 -0.0459739 0.0599993
1668949274.852742 -0.5085038 0.5916218 13.2751760 -0.0069505 0.9947573 -0.0422421 0.0928728
1668949275.052840 -0.5036745 0.5928065 13.2577982 -0.0109502 0.9893518 -0.0467993 0.1373793
1668949275.252703 -0.4965100 0.5912968 13.2382812 -0.0239308 0.9792563 -0.0534532 0.1939776
1668949275.552918 -0.4843688 0.5915159 13.2191601 -0.0327174 0.9547525 -0.0651434 0.2883292
1668949275.752892 -0.4689102 0.5936780 13.2130985 -0.0317183 0.9274238 -0.0579670 0.3681289
1668949275.952468 -0.4464064 0.5946577 13.2136059 -0.0294019 0.8913202 -0.0499404 0.4496553
1668949276.152845 -0.4204397 0.5934966 13.2163334 -0.0233477 0.8579471 -0.0468150 0.5110676
1668949276.353018 -0.3968849 0.5914991 13.2181711 -0.0126150 0.8256268 -0.0545047 0.5614362
1668949276.553015 -0.3761091 0.5927085 13.2190208 -0.0105005 0.7966253 -0.0478092 0.6024884
1668949276.753135 -0.3570070 0.5951024 13.2180433 -0.0147542 0.7740058 -0.0335287 0.6321181
1668949276.953098 -0.3343115 0.5973192 13.2128439 -0.0209928 0.7575796 -0.0226220 0.6520129
1668949277.153140 -0.3050938 0.5986987 13.2042847 -0.0230885 0.7446015 -0.0301299 0.6664291
1668949277.353239 -0.2761555 0.5956137 13.1947327 -0.0264012 0.7280344 -0.0487166 0.6832976
1668949277.553070 -0.2482824 0.5948576 13.1883497 -0.0307080 0.7083529 -0.0382521 0.7041518
1668949277.753055 -0.2186298 0.5976986 13.1872482 -0.0309330 0.7028411 -0.0327780 0.7099177
1668949277.953531 -0.1844149 0.5996560 13.1876049 -0.0319142 0.7098978 -0.0298837 0.7029464
1668949278.152265 -0.1522017 0.5988474 13.1906261 -0.0211649 0.7134830 -0.0243154 0.6999306
1668949278.353416 -0.1226835 0.5996290 13.1897964 -0.0277371 0.7209679 -0.0070217 0.6923775
1668949278.552912 -0.0901680 0.6023195 13.1857748 -0.0343684 0.7111799 -0.0071076 0.7021335
1668949278.653252 -0.0716600 0.6034049 13.1827164 -0.0310394 0.7060007 -0.0132199 0.7074071
1668949278.853161 -0.0368032 0.6003616 13.1778603 -0.0302163 0.6912727 -0.0141451 0.7218233
1668949279.053278 -0.0010185 0.5989132 13.1736193 -0.0373011 0.6735723 -0.0127807 0.7380689
1668949279.349891 0.0477457 0.6030568 13.1752243 -0.0305868 0.6723326 -0.0173131 0.7394143
1668949279.550274 0.0828896 0.5999491 13.1789351 -0.0208006 0.6901431 -0.0078112 0.7233317
1668949279.850354 0.1283722 0.5973423 13.1812763 -0.0227486 0.7003228 -0.0056147 0.7134416
1668949280.050324 0.1609468 0.6013346 13.1785774 -0.0253290 0.6950298 -0.0120634 0.7184334
1668949280.250395 0.1978960 0.6000689 13.1746454 -0.0180813 0.6898585 -0.0149205 0.7235646
1668949280.450273 0.2306461 0.5981444 13.1719341 -0.0308541 0.6784645 -0.0210383 0.7336835
1668949280.650310 0.2605600 0.6007944 13.1698513 -0.0420841 0.6754060 -0.0224906 0.7359007
1668949280.950094 0.3171673 0.6026906 13.1700478 -0.0319393 0.6914536 -0.0204849 0.7214237
1668949281.250376 0.3700314 0.5990135 13.1690254 -0.0132636 0.7183639 -0.0062306 0.6955132
1668949281.550070 0.4203959 0.6061780 13.1673679 -0.0241336 0.7118274 -0.0078957 0.7018952
1668949281.750019 0.4581795 0.6012405 13.1581659 -0.0258077 0.7013091 -0.0175228 0.7121745
1668949281.950085 0.4930916 0.5991883 13.1568947 -0.0332277 0.6789721 -0.0185705 0.7331766
1668949282.150130 0.5262938 0.6033418 13.1563721 -0.0318014 0.6780673 -0.0262273 0.7338430
1668949282.450984 0.5799799 0.6037866 13.1606073 -0.0228392 0.6777506 -0.0261314 0.7344724
1668949282.649985 0.6163683 0.6033690 13.1606903 -0.0122496 0.6914591 -0.0240831 0.7219102
1668949282.950687 0.6648226 0.6087646 13.1559649 -0.0309053 0.6858463 -0.0234742 0.7267109
1668949283.150781 0.7015057 0.6062676 13.1500206 -0.0179194 0.6834998 -0.0221031 0.7293959
1668949283.349857 0.7348404 0.6039979 13.1509924 -0.0299766 0.6743312 -0.0358356 0.7369494
1668949283.650116 0.7782974 0.6076191 13.1477766 -0.0361634 0.6800842 -0.0369773 0.7313073
1668949283.951155 0.8288488 0.6060236 13.1457005 -0.0148125 0.7190279 -0.0390913 0.6937228
1668949284.151090 0.8586512 0.6057627 13.1435175 -0.0096722 0.7473108 -0.0303397 0.6637112
1668949284.351747 0.8835220 0.6066404 13.1356392 -0.0139971 0.7577647 -0.0321052 0.6515874
1668949284.652692 0.9190512 0.6067638 13.1157923 0.0004745 0.7825319 -0.0431286 0.6211148
1668949284.852241 0.9359932 0.6054612 13.1016483 -0.0120056 0.8047736 -0.0570627 0.5907107
1668949285.152886 0.9532042 0.6059207 13.0838451 -0.0245494 0.8516412 -0.0535943 0.5207998
1668949285.352225 0.9640665 0.6070755 13.0718050 -0.0293538 0.8826684 -0.0507312 0.4663275
1668949285.552750 0.9786768 0.6042299 13.0617313 -0.0230487 0.9107392 -0.0481218 0.4095208
1668949285.752675 0.9921341 0.6024545 13.0531559 -0.0191707 0.9318304 -0.0608358 0.3572442
1668949285.952823 1.0036488 0.6025307 13.0431919 -0.0120868 0.9491253 -0.0606013 0.3087761
1668949286.152634 1.0100832 0.6002507 13.0324154 -0.0116364 0.9587348 -0.0562510 0.2784390
1668949286.352155 1.0142131 0.6011624 13.0156736 -0.0181057 0.9666357 -0.0432115 0.2518342
1668949286.552741 1.0166664 0.6034239 12.9932098 -0.0097351 0.9751235 -0.0393009 0.2179330
1668949286.752725 1.0183740 0.6009367 12.9657698 -0.0171997 0.9865655 -0.0484545 0.1550636
1668949286.953157 1.0228620 0.6009335 12.9390192 -0.0267175 0.9900402 -0.0398990 0.1323432
1668949287.152857 1.0283985 0.6038365 12.9125576 -0.0313083 0.9920213 -0.0308520 0.1181591
1668949287.352048 1.0391738 0.6028729 12.8843594 -0.0186281 0.9947097 -0.0436990 0.0910833
1668949287.552843 1.0504630 0.5978425 12.8539209 -0.0106291 0.9961885 -0.0521310 0.0691232
1668949287.752957 1.0571272 0.5975854 12.8216200 0.0026918 0.9981595 -0.0324277 0.0511753
1668949287.952756 1.0595133 0.5999787 12.7960758 -0.0076090 0.9986697 -0.0281779 0.0425098
1668949288.152750 1.0569181 0.6016204 12.7588501 -0.0239821 0.9985101 -0.0344957 0.0348239
1668949288.352331 1.0557280 0.5945101 12.7267361 -0.0154795 0.9982861 -0.0405623 0.0392424
1668949288.552025 1.0568862 0.5904145 12.6976585 -0.0198387 0.9969482 -0.0449136 0.0606916
1668949288.752635 1.0597274 0.5924345 12.6603899 -0.0132227 0.9978712 -0.0327351 0.0548343
1668949288.952696 1.0604023 0.5910101 12.6249218 -0.0079699 0.9993634 -0.0231664 0.0259382
1668949289.152696 1.0591075 0.5890082 12.5922718 0.0018260 -0.9994313 0.0326919 0.0080710
1668949289.352077 1.0559680 0.5893285 12.5556517 -0.0044630 -0.9993854 0.0346570 0.0028173
1668949289.552669 1.0485172 0.5885342 12.5195951 -0.0164851 0.9993564 -0.0318331 0.0013116
1668949289.752725 1.0491456 0.5858186 12.4851151 -0.0259209 0.9991921 -0.0251018 0.0177022
1668949289.952710 1.0504305 0.5858285 12.4543676 -0.0346752 0.9981392 -0.0274323 0.0419918
1668949290.152685 1.0549093 0.5857509 12.4189110 -0.0258974 0.9987158 -0.0273965 0.0338480
1668949290.352273 1.0561765 0.5793421 12.3869514 -0.0089154 0.9993585 -0.0337615 0.0079663
1668949290.552677 1.0561786 0.5758352 12.3517170 -0.0162244 -0.9996863 0.0156314 0.0109475
1668949290.852349 1.0471818 0.5719775 12.2985764 0.0003808 -0.9995372 0.0286931 0.0100985
1668949291.150266 1.0434123 0.5633692 12.2493019 -0.0277060 0.9988996 -0.0302642 0.0227114
1668949291.350448 1.0439315 0.5651317 12.2163591 -0.0230528 0.9988975 -0.0327978 0.0244293
1668949291.650265 1.0466659 0.5610638 12.1631889 0.0142790 -0.9992290 0.0362113 0.0051423
1668949291.850498 1.0457571 0.5570154 12.1289015 -0.0017546 -0.9988908 0.0308874 0.0354982
1668949292.050256 1.0437698 0.5575062 12.0948334 -0.0012144 -0.9994043 0.0146306 0.0312369
1668949292.350285 1.0350934 0.5506152 12.0387974 0.0044792 -0.9976844 0.0621862 0.0271764
1668949292.650410 1.0367596 0.5490099 11.9834175 -0.0234260 0.9987422 -0.0380202 0.0228007
1668949292.850094 1.0375774 0.5495432 11.9457979 -0.0094901 0.9986627 -0.0489033 0.0138372
1668949293.150388 1.0401058 0.5449977 11.8849239 0.0038077 -0.9992189 0.0358701 0.0161439
1668949293.350203 1.0388551 0.5467543 11.8474283 0.0001319 -0.9996927 0.0176704 0.0173891
1668949293.550359 1.0348132 0.5491281 11.8072615 0.0078755 -0.9997617 0.0196996 0.0051280
1668949293.850509 1.0362496 0.5403810 11.7508974 -0.0234016 0.9983439 -0.0248595 0.0463001
1668949294.150144 1.0418913 0.5405231 11.6949368 -0.0094281 0.9972355 -0.0572433 0.0464316
1668949294.450152 1.0405188 0.5358626 11.6407719 -0.0000078 -0.9990870 0.0414444 0.0103742
1668949294.650380 1.0398960 0.5368763 11.6036110 -0.0108814 -0.9991681 0.0295685 0.0258941
1668949294.950153 1.0322970 0.5333340 11.5454998 -0.0035366 -0.9987964 0.0477259 0.0107395
1668949295.150376 1.0319624 0.5300308 11.5090971 -0.0139623 0.9990568 -0.0361709 0.0195526
1668949295.350299 1.0300199 0.5317425 11.4703302 -0.0195069 0.9986037 -0.0467795 0.0148961
1668949295.550575 1.0284829 0.5302847 11.4295740 0.0128975 -0.9995732 0.0252446 0.0070684
1668949295.750136 1.0247421 0.5262673 11.3923149 0.0036174 -0.9990404 0.0333177 0.0281982
1668949295.950389 1.0191902 0.5273523 11.3550644 0.0055420 -0.9984700 0.0385441 0.0392570
1668949296.152533 1.0124338 0.5263379 11.3125992 0.0058136 -0.9985110 0.0418432 0.0345106
1668949296.452459 1.0122752 0.5208436 11.2557812 -0.0228870 0.9989058 -0.0335282 0.0232194
1668949296.652574 1.0134480 0.5227835 11.2118959 -0.0226842 0.9989519 -0.0339362 0.0207107
1668949296.852511 1.0146646 0.5185661 11.1690216 0.0149286 -0.9994792 0.0272234 0.0088059
1668949297.152565 1.0109979 0.5165651 11.1101294 -0.0033480 -0.9985932 0.0249582 0.0466657
1668949297.352455 1.0088348 0.5176693 11.0667553 0.0116205 -0.9986483 0.0389584 0.0323877
1668949297.552603 1.0085664 0.5103510 11.0274277 0.0180909 -0.9992361 0.0343092 0.0047824
1668949297.752380 1.0111146 0.5099977 10.9888639 -0.0291597 0.9986281 -0.0379508 0.0212480
1668949297.952545 1.0132269 0.5110433 10.9453173 -0.0225375 0.9988809 -0.0415585 0.0013892
1668949298.252481 1.0119445 0.5026504 10.8871155 0.0040435 -0.9986414 0.0349830 0.0384057
1668949298.552594 1.0045266 0.5043989 10.8262949 0.0085592 -0.9983690 0.0479998 0.0296984
1668949298.752616 1.0012022 0.4987127 10.7844181 0.0236621 -0.9987765 0.0431926 0.0044870
1668949298.952543 1.0001726 0.4966570 10.7457352 -0.0364635 0.9983670 -0.0368040 0.0240708
1668949299.152635 0.9993597 0.4988006 10.7032604 -0.0278748 0.9990024 -0.0336694 0.0091489
1668949299.452404 0.9954736 0.4897070 10.6432028 0.0285443 -0.9986187 0.0389996 0.0206201
1668949299.652359 0.9917207 0.4902824 10.6034079 0.0246840 -0.9988055 0.0388923 0.0163065
1668949299.852347 0.9866328 0.4880484 10.5608902 0.0269660 -0.9982938 0.0507983 0.0100958
1668949300.052326 0.9855204 0.4840696 10.5191107 -0.0314696 0.9984517 -0.0379145 0.0258170
1668949300.252376 0.9851732 0.4860255 10.4779587 -0.0364813 0.9979221 -0.0436178 0.0303019
1668949300.452322 0.9840264 0.4831599 10.4348879 -0.0155964 0.9992312 -0.0357821 0.0036775
1668949300.752609 0.9819474 0.4780097 10.3740501 0.0055565 -0.9987637 0.0437553 0.0229293
1668949301.052393 0.9754160 0.4739808 10.3140793 0.0261712 -0.9973462 0.0672301 0.0097797
1668949301.352540 0.9763172 0.4716338 10.2551346 -0.0341243 0.9974414 -0.0529918 0.0337369
1668949301.552613 0.9770448 0.4730415 10.2121830 -0.0231942 0.9985111 -0.0477504 0.0125575
1668949301.852422 0.9745096 0.4665685 10.1529465 0.0121686 -0.9985508 0.0480401 0.0209891
1668949302.052589 0.9721726 0.4685737 10.1127720 0.0147385 -0.9985870 0.0443408 0.0253107
1668949302.252334 0.9672509 0.4672664 10.0691538 0.0199410 -0.9981773 0.0514818 0.0243768
1668949302.552568 0.9659005 0.4627942 10.0089626 -0.0317011 0.9987555 -0.0354258 0.0150869
1668949302.850054 0.9676418 0.4622692 9.9414339 0.0222868 -0.9991311 0.0347880 0.0054981
1668949303.150420 0.9653957 0.4558002 9.8791256 0.0036698 -0.9987403 0.0393328 0.0309412
1668949303.350446 0.9608464 0.4567878 9.8337727 0.0076669 -0.9981314 0.0499879 0.0342968
1668949303.550454 0.9570028 0.4495705 9.7915125 0.0187226 -0.9980264 0.0561992 0.0208446
1668949303.750167 0.9595881 0.4489987 9.7488337 -0.0277309 0.9983456 -0.0467451 0.0187659
1668949303.950271 0.9591458 0.4498706 9.7046604 -0.0213990 0.9981827 -0.0546415 0.0136933
1668949304.249863 0.9584694 0.4421471 9.6420689 0.0126982 -0.9985819 0.0480276 0.0191411
1668949304.550217 0.9531742 0.4442514 9.5780621 0.0103637 -0.9987354 0.0467572 0.0153014
1668949304.750271 0.9500554 0.4380116 9.5376720 -0.0203262 0.9989868 -0.0401310 0.0012271
1668949304.950270 0.9492524 0.4356097 9.4979382 -0.0343469 0.9983451 -0.0400055 0.0229495
1668949305.150217 0.9509826 0.4376383 9.4559727 -0.0361939 0.9984692 -0.0387843 0.0156593
1668949305.350237 0.9497749 0.4338160 9.4172506 0.0248423 -0.9993460 0.0262643 0.0007490
1668949305.550245 0.9470218 0.4314827 9.3772449 0.0136949 -0.9994560 0.0278624 0.0111275
1668949305.750241 0.9425538 0.4326378 9.3368731 0.0236076 -0.9991060 0.0350627 0.0008245
1668949305.950287 0.9396182 0.4287806 9.2987471 -0.0389942 0.9987143 -0.0272809 0.0174653
1668949306.150190 0.9401100 0.4272911 9.2629461 -0.0402554 0.9982458 -0.0275601 0.0335471
1668949306.350327 0.9405941 0.4277967 9.2239218 -0.0305680 0.9987811 -0.0370577 0.0113320
1668949306.550294 0.9420894 0.4212712 9.1870737 0.0247409 -0.9988136 0.0415709 0.0055917
1668949306.750270 0.9422317 0.4191654 9.1490469 0.0070990 -0.9992340 0.0349001 0.0162245
1668949306.950275 0.9389494 0.4215579 9.1090393 0.0112721 -0.9989982 0.0398312 0.0170057
1668949307.150310 0.9345481 0.4162650 9.0671186 0.0248320 -0.9980356 0.0561997 0.0122465
1668949307.350355 0.9344320 0.4140252 9.0291538 -0.0320103 0.9983570 -0.0448865 0.0156183
1668949307.550326 0.9339204 0.4165086 8.9873257 -0.0220346 0.9984668 -0.0493331 0.0120277
1668949307.750352 0.9367782 0.4121361 8.9478807 0.0164621 -0.9990339 0.0407309 0.0012003
1668949308.052055 0.9369300 0.4094539 8.8852205 0.0064622 -0.9991720 0.0365732 0.0166136
1668949308.252191 0.9330124 0.4113657 8.8444023 0.0149025 -0.9989101 0.0440240 0.0043024
1668949308.552896 0.9316734 0.4043388 8.7829504 -0.0305691 0.9985338 -0.0327896 0.0303396
1668949308.852218 0.9321642 0.4069510 8.7219038 -0.0249008 0.9985393 -0.0459694 0.0136419
1668949309.052357 0.9328029 0.4025360 8.6815701 0.0173155 -0.9991726 0.0349506 0.0115128
1668949309.352890 0.9297863 0.4023302 8.6188383 0.0067769 -0.9992898 0.0318362 0.0189884
1668949309.552751 0.9250817 0.4005329 8.5770197 0.0245326 -0.9983770 0.0506123 0.0089488
1668949309.752661 0.9201834 0.3950977 8.5374508 -0.0435188 0.9981354 -0.0397145 0.0159618
1668949310.052510 0.9192516 0.3962243 8.4759712 -0.0166809 0.9987527 -0.0455058 0.0120097
1668949310.252535 0.9186807 0.3921472 8.4376383 0.0098935 -0.9989622 0.0437114 0.0081323
1668949310.451865 0.9140498 0.3933942 8.3944845 -0.0009565 -0.9997131 0.0185291 0.0151418
1668949310.652516 0.9092558 0.3949648 8.3531885 0.0121570 -0.9991876 0.0363983 0.0123093
1668949310.852592 0.9056389 0.3911919 8.3120613 -0.0232047 0.9990954 -0.0356302 0.0006523
1668949311.052743 0.9074523 0.3883016 8.2737684 -0.0295974 0.9985272 -0.0368245 0.0266721
1668949311.452521 0.9051427 0.3830908 8.1929750 0.0163975 -0.9983640 0.0547558 0.0014694
1668949311.852586 0.8984382 0.3823272 8.1133051 0.0076641 -0.9985696 0.0477102 0.0228878
1668949312.152605 0.8965586 0.3733566 8.0537109 -0.0280357 0.9981330 -0.0541545 0.0034567
1668949312.452621 0.8991251 0.3747928 7.9960027 -0.0396962 0.9969904 -0.0578120 0.0330473
1668949312.652671 0.9036406 0.3754235 7.9550290 -0.0194760 0.9989000 -0.0358438 0.0231250
1668949312.852662 0.9039756 0.3709886 7.9170041 -0.0091785 0.9991404 -0.0386088 0.0119907
1668949313.052672 0.9004233 0.3715685 7.8778057 -0.0091462 0.9990312 -0.0423053 0.0079452
1668949313.352592 0.8923808 0.3655253 7.8182545 -0.0201278 0.9978961 -0.0540778 0.0295595
1668949313.652872 0.8906554 0.3629407 7.7637067 -0.0350822 0.9965766 -0.0518374 0.0540122
1668949313.952921 0.8931588 0.3575845 7.7055459 -0.0138982 0.9984334 -0.0484740 0.0242477
1668949314.152642 0.8936200 0.3541522 7.6665258 -0.0037171 0.9987208 -0.0501109 0.0056366
1668949314.452947 0.8884869 0.3564459 7.6080966 -0.0058138 0.9990918 -0.0421207 0.0027282
1668949314.850445 0.8841145 0.3481770 7.5276265 -0.0271311 0.9984505 -0.0390549 0.0289027
1668949315.050459 0.8853940 0.3512577 7.4885917 -0.0330282 0.9986533 -0.0320701 0.0239245
1668949315.350346 0.8897347 0.3437478 7.4334974 -0.0164458 0.9987857 -0.0426492 0.0183803
1668949315.551136 0.8886985 0.3412807 7.3945827 -0.0130711 0.9987506 -0.0424809 0.0228398
1668949315.751098 0.8829591 0.3430056 7.3550010 -0.0228495 0.9982944 -0.0496954 0.0204140
1668949316.050316 0.8785850 0.3351887 7.2969813 -0.0315794 0.9968385 -0.0372651 0.0626673
1668949316.350928 0.8780802 0.3347327 7.2459149 -0.0334972 0.9971777 -0.0421547 0.0523233
1668949316.550614 0.8777596 0.3292513 7.2105927 -0.0332812 0.9978186 -0.0493766 0.0285043
1668949316.750570 0.8804309 0.3265882 7.1727982 -0.0139952 0.9991413 -0.0339639 0.0191610
1668949316.950450 0.8790834 0.3278029 7.1361151 -0.0098573 0.9995322 -0.0040294 0.0286718
1668949317.250856 0.8723111 0.3230235 7.0800538 -0.0205966 0.9986616 -0.0318122 0.0351948
1668949317.450612 0.8708427 0.3191481 7.0466237 -0.0511972 0.9962606 -0.0435548 0.0542818
1668949317.650470 0.8732767 0.3202350 7.0116625 -0.0459468 0.9960217 -0.0475726 0.0597204
1668949317.850723 0.8764318 0.3238858 6.9704084 -0.0424978 0.9984897 -0.0216230 0.0272916
1668949318.150429 0.8734089 0.3202780 6.9144435 0.0103341 -0.9996638 0.0072002 0.0226663
1668949318.451042 0.8686176 0.3217088 6.8586607 0.0068029 -0.9998507 0.0134252 0.0084985
1668949318.650827 0.8679664 0.3145165 6.8189077 -0.0248888 0.9994807 -0.0187470 0.0082189
1668949318.850507 0.8669536 0.3123120 6.7849751 -0.0443480 0.9982192 -0.0206477 0.0341351
1668949319.050689 0.8692368 0.3137951 6.7476068 -0.0375642 0.9980091 -0.0391430 0.0321616
1668949319.350518 0.8766684 0.3047587 6.6904602 -0.0356266 0.9971529 -0.0660903 0.0069887
1668949319.550977 0.8749956 0.3050883 6.6577229 0.0310394 -0.9985767 0.0420261 0.0107266
1668949319.752885 0.8693476 0.3074831 6.6224742 0.0409005 -0.9985378 0.0350832 0.0043205
1668949319.952317 0.8663766 0.3038125 6.5846357 -0.0406747 0.9969109 -0.0658133 0.0135142
1668949320.153131 0.8628651 0.2955094 6.5508642 -0.0516996 0.9955295 -0.0664587 0.0427956
1668949320.452998 0.8608161 0.2995670 6.4997640 -0.0372001 0.9972682 -0.0495751 0.0401805
1668949320.652452 0.8623884 0.2978882 6.4606695 -0.0306113 0.9977419 -0.0552155 0.0229202
1668949320.852972 0.8637741 0.2919413 6.4225235 -0.0201123 0.9984303 -0.0521603 0.0034403
1668949321.052283 0.8590012 0.2910774 6.3875027 0.0248465 -0.9983202 0.0510338 0.0116284
1668949321.252935 0.8525847 0.2908064 6.3511324 0.0329271 -0.9975839 0.0611416 0.0019882
1668949321.453049 0.8487802 0.2880474 6.3139019 -0.0282124 0.9973176 -0.0662301 0.0132466
1668949321.652922 0.8463447 0.2856218 6.2801805 -0.0424945 0.9972371 -0.0562988 0.0232958
1668949321.952961 0.8452097 0.2863733 6.2243700 0.0392387 -0.9966249 0.0705841 0.0147379
1668949322.152348 0.8452630 0.2824014 6.1903648 0.0258767 -0.9963881 0.0673447 0.0447887
1668949322.452371 0.8395867 0.2785163 6.1434164 0.0197631 -0.9966564 0.0329912 0.0720918
1668949322.652986 0.8314994 0.2664977 6.1149254 0.0310658 -0.9954986 0.0525641 0.0724883
1668949322.852989 0.8252584 0.2614671 6.0873995 0.0318072 -0.9959448 0.0712546 0.0447792
1668949323.052638 0.8121244 0.2659796 6.0661626 0.0236416 -0.9957214 0.0506197 0.0736054
1668949323.252900 0.7984730 0.2675706 6.0460205 0.0282649 -0.9876441 0.0630794 0.1406465
1668949323.453027 0.7878783 0.2666937 6.0191846 0.0270863 -0.9703657 0.0697642 0.2297604
1668949323.652977 0.7738245 0.2682989 6.0022969 0.0248940 -0.9451512 0.0645939 0.3192134
1668949323.853022 0.7589555 0.2672548 5.9902906 0.0074973 -0.9151313 0.0402697 0.4010698
1668949324.052956 0.7373762 0.2690952 5.9833298 0.0118973 -0.8816980 0.0365869 0.4702429
1668949324.253148 0.7136288 0.2679304 5.9778605 0.0182484 -0.8436019 0.0529697 0.5340382
1668949324.452949 0.6928096 0.2651021 5.9705648 0.0176138 -0.8123029 0.0529004 0.5805646
1668949324.653165 0.6715341 0.2664396 5.9690509 0.0113707 -0.7758749 0.0310802 0.6300182
1668949324.853019 0.6498828 0.2677911 5.9617071 0.0147325 -0.7429267 0.0268399 0.6686722
1668949325.052357 0.6211829 0.2661152 5.9510574 0.0232155 -0.7161803 0.0315369 0.6968157
1668949325.353011 0.5808005 0.2625381 5.9362860 0.0117716 -0.7007044 0.0413598 0.7121546
1668949325.552421 0.5538526 0.2649795 5.9334121 0.0059813 -0.6966805 0.0367912 0.7164125
1668949325.752945 0.5213513 0.2674249 5.9352350 0.0070834 -0.6966406 0.0391247 0.7163177
1668949325.952858 0.4858494 0.2627074 5.9393463 0.0090706 -0.6990417 0.0411232 0.7138398
1668949326.152753 0.4518414 0.2613493 5.9431186 0.0088408 -0.7096712 0.0348917 0.7036130
1668949326.350510 0.4194059 0.2640979 5.9449129 0.0071112 -0.7080136 0.0331709 0.7053835
1668949326.550804 0.3813400 0.2651801 5.9470115 -0.0042540 -0.6986997 0.0356908 0.7145116
1668949327.750275 0.1389790 0.2865437 5.9930663 0.0097413 -0.7117624 0.0283995 0.7017783
1668949328.350502 0.0103407 0.2638006 5.9574351 -0.0112468 -0.6853166 0.0357955 0.7272782
1668949328.950197 -0.1083798 0.2627117 5.9674382 0.0073440 -0.7065087 0.0173362 0.7074537
1668949329.650242 -0.2436357 0.2595818 5.9681454 -0.0154089 -0.6701728 0.0341713 0.7412579
1668949330.250555 -0.3585477 0.2588202 5.9783745 0.0104268 -0.6980315 0.0265786 0.7154976
1668949330.750479 -0.4579010 0.2558850 5.9791021 -0.0054123 -0.6692577 0.0429161 0.7417701
1668949331.351990 -0.5689716 0.2566084 5.9850383 0.0012898 -0.6973860 0.0432687 0.7153873
1668949331.752633 -0.6383266 0.2580046 5.9859753 -0.0004060 -0.7180030 0.0509312 0.6941739
1668949332.352525 -0.7316632 0.2551489 5.9857926 0.0004592 -0.7609600 0.0589630 0.6461139
1668949332.852566 -0.7847204 0.2504844 5.9851141 0.0192043 -0.8569725 0.0370083 0.5136728
1668949333.352950 -0.8170958 0.2523934 5.9435911 0.0098471 -0.9202819 0.0420464 0.3888655
1668949333.752633 -0.8281662 0.2478611 5.9052038 0.0045091 -0.9643861 0.0442336 0.2607342
1668949334.152598 -0.8323679 0.2453284 5.8614011 0.0074979 -0.9946985 0.0482363 0.0905093
1668949334.552656 -0.8316272 0.2455601 5.8285174 -0.0277184 0.9943405 -0.0503292 0.0893615
1668949336.052670 -0.7076216 0.2453986 5.7846594 -0.0010090 0.7810714 -0.0394337 0.6231946
1668949336.552658 -0.6602602 0.2474211 5.7797403 -0.0266439 0.7006981 -0.0268342 0.7124550
1668949337.452867 -0.5381441 0.2470544 5.7820201 -0.0066130 0.7140943 -0.0261845 0.6995283
1668949337.952706 -0.4569602 0.2468159 5.7775440 -0.0026839 0.7000172 -0.0475974 0.7125328
1668949338.550810 -0.3541431 0.2506685 5.7857289 -0.0046529 0.7198262 -0.0225182 0.6937735
1668949339.151041 -0.2588463 0.2542625 5.7778172 -0.0082367 0.7431046 -0.0266692 0.6685929
1668949339.550923 -0.1921978 0.2501054 5.7710867 -0.0128549 0.7236326 -0.0316176 0.6893409
1668949340.050212 -0.1072121 0.2497553 5.7665205 -0.0017079 0.7497416 -0.0219223 0.6613653
1668949340.450929 -0.0444355 0.2558468 5.7483468 -0.0168588 0.7815300 -0.0191366 0.6233461
1668949340.950701 0.0187607 0.2467245 5.7166009 -0.0157650 0.8196263 -0.0481888 0.5706506
1668949341.550630 0.0784264 0.2422930 5.6868134 0.0136281 0.9122011 -0.0461013 0.4069127
1668949341.950483 0.0920751 0.2447051 5.6589518 0.0092973 0.9547371 -0.0201271 0.2966237
1668949342.450450 0.1089997 0.2433470 5.6075163 0.0007712 0.9818704 -0.0295885 0.1872291
1668949342.750246 0.1207256 0.2447549 5.5767508 -0.0112874 0.9878329 -0.0177031 0.1540958
1668949343.050460 0.1389881 0.2442727 5.5377240 -0.0043493 0.9945503 -0.0252912 0.1010504
1668949343.452915 0.1568512 0.2402606 5.4864321 0.0190007 0.9988459 -0.0190212 0.0397985
1668949343.752674 0.1608506 0.2424048 5.4411173 0.0041582 0.9989296 -0.0293510 0.0355126
1668949344.152519 0.1619008 0.2321685 5.3785052 0.0108727 0.9987345 -0.0132360 0.0472868
1668949344.552823 0.1646263 0.2267606 5.3264933 0.0129819 0.9991488 -0.0347138 0.0181152
1668949344.852838 0.1716802 0.2244508 5.2870455 0.0065002 0.9989920 -0.0431664 0.0104597
1668949345.052586 0.1713171 0.2249219 5.2621832 0.0192048 0.9994448 -0.0258278 0.0086077
1668949345.252929 0.1689193 0.2265848 5.2353802 0.0134274 0.9994294 -0.0216261 0.0222056
1668949345.553000 0.1629139 0.2239434 5.1887803 -0.0116109 0.9982032 -0.0419517 0.0411792
1668949345.853031 0.1575162 0.2242735 5.1396680 -0.0046718 0.9990289 -0.0381774 0.0214887
1668949346.052907 0.1628950 0.2243763 5.1054974 -0.0144100 0.9981537 -0.0565790 0.0167427
1668949346.452831 0.1710640 0.2192577 5.0378785 0.0000738 0.9991089 -0.0418238 0.0056730
1668949346.652494 0.1686747 0.2232401 5.0027308 -0.0174248 0.9989857 -0.0409746 0.0067105
1668949346.952840 0.1631265 0.2202655 4.9473677 -0.0404654 0.9974852 -0.0559950 0.0158257
1668949347.252748 0.1611681 0.2203112 4.8951144 -0.0360911 0.9976369 -0.0550078 0.0198052
1668949347.552837 0.1629173 0.2165531 4.8433495 0.0180642 -0.9984289 0.0501598 0.0172479
1668949347.752841 0.1623201 0.2145497 4.8090739 0.0176905 -0.9981803 0.0544622 0.0188926
1668949347.952676 0.1602644 0.2150841 4.7732272 -0.0192164 0.9979269 -0.0614230 0.0000108
1668949348.152122 0.1537809 0.2123167 4.7368965 -0.0264400 0.9973789 -0.0654353 0.0159560
1668949348.453313 0.1538262 0.2091406 4.6871753 -0.0239587 0.9975756 -0.0540505 0.0367050
1668949348.652193 0.1531300 0.2090048 4.6497622 -0.0207712 0.9979606 -0.0572599 0.0190941
1668949348.852726 0.1534984 0.2054137 4.6140366 0.0042426 -0.9987728 0.0491809 0.0040322
1668949349.052876 0.1515663 0.2042459 4.5704136 0.0003364 -0.9988192 0.0431306 0.0223555
1668949349.353309 0.1448730 0.2049553 4.5189252 0.0099778 -0.9984729 0.0525759 0.0137173
1668949349.552827 0.1426826 0.1988812 4.4812717 -0.0166066 0.9983081 -0.0552966 0.0068801
1668949349.752708 0.1405803 0.1978647 4.4454474 -0.0286125 0.9977299 -0.0567576 0.0222482
1668949349.951350 0.1404792 0.1984172 4.4069448 -0.0186670 0.9985200 -0.0507893 0.0054692
1668949350.150950 0.1400742 0.1920255 4.3706870 0.0157321 -0.9982110 0.0552722 0.0165071
1668949350.350536 0.1377711 0.1890899 4.3331504 -0.0015066 -0.9987850 0.0416609 0.0262765
1668949350.550560 0.1345609 0.1907999 4.2903886 0.0096660 -0.9981118 0.0580471 0.0176105
1668949350.850446 0.1311472 0.1858070 4.2347450 -0.0231370 0.9987307 -0.0446160 0.0033577
1668949351.150994 0.1308303 0.1864741 4.1805620 0.0169837 -0.9982759 0.0559530 0.0050946
1668949351.550395 0.1291342 0.1833349 4.1082010 -0.0032302 -0.9990495 0.0393673 0.0184371
1668949351.850524 0.1205555 0.1848958 4.0504918 0.0116902 -0.9987497 0.0476251 0.0097091
1668949352.050302 0.1198812 0.1800538 4.0141597 -0.0266310 0.9984999 -0.0443731 0.0178796
1668949352.350348 0.1219802 0.1799346 3.9576564 -0.0231172 0.9975048 -0.0548427 0.0379767
1668949352.650545 0.1243170 0.1746860 3.9003761 -0.0062699 0.9985591 -0.0513142 0.0143907
1668949352.950335 0.1218638 0.1776210 3.8435011 0.0073295 0.9988613 -0.0424374 0.0205346
1668949353.350270 0.1204077 0.1728461 3.7657278 -0.0058007 0.9970207 -0.0224908 0.0735529
1668949353.650258 0.1223565 0.1720502 3.7064195 0.0030237 0.9982828 -0.0402654 0.0424403
1668949353.850485 0.1201188 0.1695518 3.6685071 -0.0020065 0.9991007 -0.0422041 0.0035693
1668949354.250616 0.1107847 0.1693861 3.5892055 0.0006691 -0.9989778 0.0442163 0.0093827
1668949354.550378 0.1082240 0.1637572 3.5329018 -0.0132322 0.9989731 -0.0423675 0.0091035
1668949354.850137 0.1089730 0.1632627 3.4698520 0.0205965 -0.9982675 0.0541892 0.0100686
1668949355.152686 0.1075411 0.1593359 3.4112971 0.0101955 -0.9989070 0.0431303 0.0148576
1668949355.452740 0.1043603 0.1603756 3.3478999 -0.0008847 0.9991762 -0.0401256 0.0059928
1668949355.752550 0.1042280 0.1547086 3.2857661 -0.0072974 0.9981879 -0.0499863 0.0326971
1668949356.152710 0.1114544 0.1527088 3.2040100 0.0182826 0.9993233 -0.0288700 0.0136143
1668949356.552504 0.1070613 0.1522583 3.1195552 0.0112891 0.9987352 -0.0429145 0.0236433
1668949356.952010 0.1035695 0.1465538 3.0396235 0.0009429 0.9984605 -0.0387883 0.0396397
1668949357.257291 0.1069884 0.1448833 2.9739096 0.0258354 0.9991904 -0.0304562 0.0048644
1668949357.552931 0.1040438 0.1434900 2.9135814 0.0209901 0.9992475 -0.0326182 0.0002552
1668949357.852859 0.0975018 0.1408461 2.8532171 0.0330555 0.9982734 -0.0422925 0.0238557
1668949358.153222 0.0933847 0.1364776 2.7916818 0.0289196 0.9976496 -0.0557940 0.0273140
1668949358.352673 0.0951048 0.1361163 2.7518384 0.0242494 0.9979947 -0.0558082 0.0174340
1668949358.653169 0.0950016 0.1296927 2.6936319 -0.0307552 -0.9987069 0.0381906 0.0134170
1668949359.052496 0.0896679 0.1354810 2.6156213 -0.0024861 0.9992260 -0.0388779 0.0054344
1668949359.352538 0.0878618 0.1357271 2.5597594 -0.0055045 0.9991898 -0.0338885 0.0210041
1668949359.552547 0.0891722 0.1348113 2.5223184 0.0137833 0.9997587 -0.0170531 0.0014083
1668949359.753692 0.0869118 0.1314964 2.4862301 -0.0123550 -0.9993286 0.0331645 0.0094854
1668949359.952494 0.0826840 0.1316145 2.4479847 -0.0220520 -0.9988749 0.0384029 0.0169617
1668949360.152941 0.0766492 0.1294504 2.4098306 -0.0112107 -0.9990636 0.0405904 0.0099389
1668949360.352482 0.0719453 0.1248851 2.3720620 -0.0004034 -0.9997861 0.0205596 0.0021863
1668949360.552676 0.0706788 0.1250003 2.3353558 0.0075951 0.9992856 -0.0231305 0.0289075
1668949360.750342 0.0688634 0.1221212 2.2938306 0.0145256 0.9994666 -0.0290571 0.0033726
1668949360.950205 0.0683544 0.1193302 2.2572942 -0.0259345 -0.9994873 0.0180887 0.0050407
1668949361.150353 0.0657389 0.1192716 2.2199376 -0.0238068 -0.9992213 0.0314205 0.0017242
1668949361.351426 0.0621270 0.1174169 2.1817338 0.0086092 0.9984459 -0.0532873 0.0138624
1668949361.550460 0.0610482 0.1138203 2.1431437 0.0059284 0.9991806 -0.0337989 0.0214604
1668949361.750258 0.0607641 0.1143632 2.1055205 0.0102413 0.9985934 -0.0342578 0.0391507
1668949361.950378 0.0633000 0.1145021 2.0663247 0.0189245 0.9993847 -0.0226893 0.0189053
1668949362.150339 0.0629493 0.1105108 2.0296419 -0.0220505 -0.9990422 0.0375819 0.0040373
1668949362.350215 0.0601499 0.1093994 1.9918447 -0.0263270 -0.9985455 0.0442022 0.0161171
1668949362.550242 0.0570792 0.1077985 1.9518450 -0.0152400 -0.9989941 0.0420850 0.0027318
1668949362.750523 0.0554209 0.1033630 1.9138802 0.0033284 0.9994797 -0.0297268 0.0120679
1668949362.950334 0.0560343 0.1062035 1.8768407 0.0039143 0.9988965 -0.0397822 0.0246495
1668949363.150297 0.0586287 0.1026120 1.8394662 0.0125090 0.9994038 -0.0236006 0.0218802
1668949363.350206 0.0594994 0.1000310 1.8024181 0.0041122 0.9991021 -0.0329847 0.0262704
1668949363.550258 0.0574611 0.0997696 1.7691137 0.0081711 0.9987276 -0.0293282 0.0402041
1668949363.750303 0.0542381 0.0985964 1.7338941 -0.0044891 0.9972723 -0.0398117 0.0619913
1668949364.050286 0.0538593 0.0925974 1.6853786 -0.0171863 0.9938408 -0.0380425 0.1026552
1668949364.250486 0.0555051 0.0940044 1.6541249 -0.0148368 0.9947353 -0.0457812 0.0904750
1668949364.450274 0.0554972 0.0923010 1.6236949 0.0119230 0.9977152 -0.0271113 0.0607240
1668949364.650563 0.0519432 0.0907731 1.5950985 0.0127320 0.9990848 -0.0312816 0.0262484
1668949364.850308 0.0489436 0.0911252 1.5657648 0.0035392 0.9988200 -0.0411203 0.0255993
1668949365.050530 0.0457858 0.0883908 1.5359192 -0.0059404 0.9983374 -0.0450070 0.0355203
1668949365.250331 0.0470496 0.0870233 1.5110658 -0.0070783 0.9974374 -0.0316003 0.0637982
1668949365.450572 0.0495991 0.0893057 1.4879471 -0.0009399 0.9977493 -0.0337749 0.0579182
1668949365.652627 0.0510592 0.0900312 1.4654192 0.0058434 0.9997008 -0.0207915 0.0114907
1668949365.852546 0.0534652 0.0907183 1.4449860 -0.0142253 -0.9996099 0.0228999 0.0072988
1668949366.052536 0.0570255 0.0932500 1.4276867 0.0109489 0.9996375 -0.0241920 0.0044516
1668949366.252664 0.0588995 0.0950198 1.4109470 0.0240279 0.9995455 -0.0176924 0.0043207
1668949366.452619 0.0615189 0.0915905 1.3947457 0.0195478 0.9989784 -0.0397648 0.0088843
1668949366.652617 0.0669362 0.0911317 1.3843098 0.0035386 0.9994422 -0.0330616 0.0031214
1668949366.852597 0.0753968 0.0914694 1.3759757 -0.0119283 -0.9984056 0.0315148 0.0452862
1668949367.052670 0.0827514 0.0892701 1.3720529 -0.0278445 -0.9948984 0.0422965 0.0872519
1668949367.352383 0.0890971 0.0869984 1.3697666 -0.0163585 -0.9919570 0.0570083 0.1118205
1668949367.752135 0.0927930 0.0844711 1.3701907 -0.0126341 -0.9897205 0.0594454 0.1294612
1668949368.552600 0.0903611 0.0845915 1.3714603 -0.0133127 -0.9946940 0.0484258 0.0897854
1668949368.852552 0.0890219 0.0840368 1.3706639 -0.0108728 -0.9956090 0.0470363 0.0802002
1668949369.152697 0.0889600 0.0838099 1.3695272 -0.0086460 -0.9963509 0.0495086 0.0689860
1668949369.352295 0.0892612 0.0840322 1.3690526 -0.0068653 -0.9967825 0.0477145 0.0640384
1668949369.553149 0.0893978 0.0840721 1.3690034 -0.0067599 -0.9970936 0.0446297 0.0613751
