1668949170.650486 0.0000000 0.0000000 0.0000000 -0.0000000 -0.0000000 -0.0000000 1.0000000
1668949170.850169 -0.0012196 -0.0026477 0.0117108 -0.0052502 0.0141933 -0.0052812 0.9998716
1668949170.950425 -0.0026526 -0.0040268 0.0223295 0.0081516 0.0137298 -0.0104480 0.9998180
1668949171.150346 0.0007164 -0.0020876 0.0532522 -0.0002926 0.0201058 -0.0113948 0.9997329
1668949171.250164 0.0081530 -0.0008836 0.0749808 0.0027486 0.0260131 -0.0041826 0.9996490
1668949171.450428 0.0196658 0.0032676 0.1196380 -0.0003143 0.0273767 -0.0032945 0.9996198
1668949171.550382 0.0236120 0.0021111 0.1406600 0.0000162 0.0198226 -0.0056997 0.9997873
1668949171.750213 0.0258556 0.0053239 0.1857532 -0.0058389 0.0120199 -0.0090879 0.9998695
1668949171.850370 0.0250565 0.0081702 0.2128992 0.0010356 0.0134025 -0.0056395 0.9998938
1668949172.250464 0.0229550 0.0076359 0.3337363 0.0003401 0.0424998 0.0072590 0.9990701
1668949172.450186 0.0264704 0.0137462 0.3935325 0.0021341 0.0442640 0.0073829 0.9989904
1668949172.651566 0.0375305 0.0207679 0.4611161 -0.0032640 0.0421598 0.0019878 0.9991035
1668949172.952534 0.0420732 0.0186712 0.5516407 0.0043482 0.0107574 -0.0148975 0.9998218
1668949173.152601 0.0418060 0.0241300 0.6144330 0.0136213 0.0130734 -0.0267822 0.9994630
1668949173.350479 0.0410346 0.0211834 0.6758157 0.0143186 0.0256108 -0.0166622 0.9994306
1668949173.550539 0.0473984 0.0258930 0.7374412 0.0010946 0.0480537 -0.0060252 0.9988259
1668949173.750324 0.0613042 0.0371946 0.8033181 0.0018640 0.0536562 -0.0097228 0.9985105
1668949173.950646 0.0674662 0.0354484 0.8679756 -0.0005307 0.0263959 -0.0142920 0.9995493
1668949174.150295 0.0691717 0.0368980 0.9285094 -0.0018131 0.0033725 -0.0218271 0.9997545
1668949174.350401 0.0686418 0.0435951 0.9960378 0.0132040 0.0185783 -0.0245979 0.9994376
1668949174.550006 0.0686342 0.0427338 1.0642886 0.0068597 0.0464299 -0.0196355 0.9987049
1668949174.750458 0.0708775 0.0449537 1.1275299 0.0018448 0.0544248 -0.0047198 0.9985051
1668949174.950346 0.0758144 0.0528007 1.1963899 0.0185046 0.0399353 -0.0121884 0.9989566
1668949175.150392 0.0825949 0.0530676 1.2664813 0.0129892 0.0168445 -0.0158585 0.9996480
1668949175.350391 0.0815315 0.0562131 1.3321320 0.0035367 -0.0006807 -0.0160463 0.9998648
1668949175.550454 0.0822736 0.0663307 1.4006889 0.0125647 0.0162916 -0.0269764 0.9994244
1668949175.750393 0.0853753 0.0681606 1.4673117 -0.0088379 0.0303858 -0.0126927 0.9994185
1668949175.950490 0.0904374 0.0714437 1.5310231 0.0009016 0.0384414 -0.0072112 0.9992345
1668949176.150213 0.0991048 0.0811238 1.6018814 0.0161037 0.0211026 -0.0191696 0.9994639
1668949176.350162 0.1036687 0.0787891 1.6720684 0.0113401 -0.0109404 -0.0280533 0.9994823
1668949176.550272 0.1037019 0.0820219 1.7355896 0.0095483 -0.0168254 -0.0274608 0.9994357
1668949176.750561 0.1067982 0.0894315 1.8068088 0.0071587 0.0096929 -0.0264925 0.9995764
1668949177.050342 0.1049262 0.0896394 1.8963147 -0.0183168 0.0285671 -0.0082779 0.9993898
1668949177.350321 0.1204420 0.0976796 1.9970953 0.0002974 0.0210289 -0.0222375 0.9995316
1668949177.550415 0.1232863 0.0940282 2.0573325 -0.0048504 0.0000334 -0.0267906 0.9996294
1668949177.750348 0.1271421 0.0958792 2.1166272 0.0028006 0.0009210 -0.0370890 0.9993077
1668949177.950541 0.1269321 0.1013621 2.1805353 0.0092664 0.0224483 -0.0359914 0.9990571
1668949178.252101 0.1286052 0.1028808 2.2694972 -0.0104222 0.0522261 -0.0144110 0.9984770
1668949178.552582 0.1393090 0.1153497 2.3651333 -0.0000868 0.0460430 -0.0222066 0.9986926
1668949178.952602 0.1458818 0.1139198 2.4869809 0.0126965 0.0049927 -0.0515460 0.9985774
1668949179.252525 0.1451304 0.1211867 2.5814018 0.0026277 0.0428764 -0.0455231 0.9980393
1668949179.552644 0.1498254 0.1226917 2.6692231 0.0029666 0.0661649 -0.0229245 0.9975410
1668949179.953800 0.1654818 0.1325692 2.7964962 0.0080477 0.0394447 -0.0271608 0.9988201
1668949180.352602 0.1688474 0.1408526 2.9220614 0.0104029 0.0190563 -0.0373169 0.9990677
1668949180.752630 0.1767928 0.1447867 3.0525544 -0.0055720 0.0563909 -0.0123918 0.9983162
1668949181.152636 0.1971646 0.1533562 3.1874409 -0.0022814 0.0392215 -0.0246680 0.9989235
1668949181.552574 0.1944105 0.1663145 3.3261631 0.0039340 0.0058632 -0.0309990 0.9994946
1668949181.953335 0.1994862 0.1632269 3.4662836 -0.0061592 0.0632842 -0.0060233 0.9979584
1668949182.352613 0.2118188 0.1795777 3.6119072 -0.0196359 0.0376138 -0.0189527 0.9989195
1668949182.652362 0.2085148 0.1820934 3.7160923 0.0008193 0.0131268 -0.0295750 0.9994761
1668949182.952714 0.2090703 0.1784775 3.8223262 0.0079135 0.0559031 -0.0199669 0.9982052
1668949183.152653 0.2127567 0.1816327 3.8839052 0.0064886 0.0567712 -0.0037527 0.9983591
1668949183.352626 0.2216125 0.1914889 3.9528537 0.0119572 0.0328552 -0.0132916 0.9993002
1668949183.552627 0.2283882 0.1865677 4.0158525 0.0142500 0.0062046 -0.0231426 0.9996114
1668949183.752054 0.2285927 0.1912806 4.0761542 0.0144303 -0.0077740 -0.0249645 0.9995540
1668949183.952652 0.2279060 0.2005604 4.1429448 0.0115078 0.0232745 -0.0229459 0.9993994
1668949184.153207 0.2275829 0.1969353 4.2072453 0.0121157 0.0367164 -0.0182314 0.9990860
1668949184.352724 0.2304903 0.1978343 4.2674665 0.0102840 0.0538615 -0.0025808 0.9984922
1668949184.553199 0.2389945 0.2052553 4.3293624 0.0176511 0.0403973 -0.0157009 0.9989045
1668949184.752752 0.2450067 0.2038173 4.3905597 0.0188427 0.0146556 -0.0265783 0.9993618
1668949184.952668 0.2464957 0.2073755 4.4459586 0.0130750 -0.0036304 -0.0368958 0.9992270
1668949185.150459 0.2475588 0.2151367 4.5076203 0.0148583 0.0149593 -0.0331460 0.9992282
1668949185.350505 0.2465756 0.2107925 4.5675716 0.0185014 0.0324644 -0.0265970 0.9989477
1668949185.550476 0.2485068 0.2135450 4.6225176 0.0052540 0.0445454 -0.0071068 0.9989682
1668949185.849129 0.2587361 0.2252083 4.7138963 0.0015114 0.0328277 -0.0174449 0.9993077
1668949186.049235 0.2629364 0.2204495 4.7738419 0.0092763 0.0024774 -0.0284263 0.9995499
1668949186.350474 0.2653999 0.2320580 4.8652911 0.0063639 0.0059430 -0.0284571 0.9995571
1668949186.550292 0.2641196 0.2291502 4.9318056 0.0039449 0.0279397 -0.0184653 0.9994313
1668949186.750455 0.2681953 0.2269910 4.9919734 0.0078207 0.0436721 -0.0046832 0.9990042
1668949187.049945 0.2802072 0.2365901 5.0840492 0.0212024 0.0367840 -0.0221018 0.9988539
1668949187.249928 0.2851919 0.2340719 5.1416454 0.0146801 0.0103396 -0.0323395 0.9993157
1668949187.450188 0.2873318 0.2397010 5.1956797 0.0111863 0.0077248 -0.0329671 0.9993639
1668949187.650149 0.2846184 0.2448705 5.2557578 0.0138056 0.0340265 -0.0309954 0.9988449
1668949187.850187 0.2872255 0.2392196 5.3136449 0.0195217 0.0492440 -0.0215381 0.9983636
1668949188.050246 0.2873825 0.2451214 5.3650227 -0.0004450 0.0588245 -0.0061717 0.9982492
1668949188.250406 0.2957243 0.2535210 5.4202814 0.0081838 0.0526296 -0.0149854 0.9984680
1668949188.550224 0.3074330 0.2526211 5.5010748 -0.0001411 0.0300377 -0.0251607 0.9992321
1668949188.850664 0.3148831 0.2586029 5.5818310 0.0167961 0.0406359 -0.0289961 0.9986120
1668949189.050297 0.3180053 0.2550882 5.6389213 0.0275544 0.0533613 -0.0259664 0.9978572
1668949189.250283 0.3245177 0.2542998 5.6908164 0.0225750 0.0717302 -0.0152658 0.9970518
1668949189.450412 0.3340471 0.2629803 5.7445002 0.0219552 0.0677549 -0.0268372 0.9970993
1668949189.750164 0.3512768 0.2643638 5.8275638 0.0268309 0.0426850 -0.0460519 0.9976660
1668949190.049630 0.3589057 0.2711979 5.9057202 0.0261245 0.0388172 -0.0395257 0.9981224
1668949190.352659 0.3517308 0.2725084 5.9922986 0.0292841 0.0491866 -0.0299572 0.9979107
1668949190.652968 0.3493557 0.2788129 6.0715089 0.0098488 0.0368227 -0.0202559 0.9990680
1668949190.954230 0.3560751 0.2822639 6.1504784 0.0304569 0.0077906 -0.0241079 0.9992150
1668949191.253046 0.3628797 0.2843674 6.2195001 0.0232957 0.0004295 -0.0276121 0.9993472
1668949191.552752 0.3629764 0.2909382 6.2890596 0.0193535 0.0128794 -0.0319307 0.9992198
1668949191.852867 0.3691939 0.2921711 6.3449340 0.0176924 0.0192222 -0.0310253 0.9991772
1668949192.152616 0.3942979 0.2936501 6.3925242 0.0213601 -0.0225123 -0.0311020 0.9990344
1668949192.452729 0.4376833 0.2884250 6.4344473 0.0093884 -0.1017364 -0.0558650 0.9931973
1668949192.652973 0.4596150 0.2904020 6.4556298 -0.0127660 -0.1057998 -0.0413504 0.9934454
1668949192.852753 0.4733158 0.2920732 6.4779143 -0.0143428 -0.1102135 -0.0291106 0.9933780
1668949193.153948 0.4930800 0.2907004 6.5191426 -0.0097945 -0.0960088 -0.0311141 0.9948459
1668949193.452985 0.5188255 0.2953325 6.5645781 -0.0291669 -0.1464915 -0.0329603 0.9882324
1668949193.652621 0.5348589 0.2993357 6.5978446 -0.0144408 -0.2081242 -0.0457240 0.9769263
1668949193.852738 0.5476336 0.2998750 6.6261544 -0.0204305 -0.2576885 -0.0535819 0.9645249
1668949194.152656 0.5539856 0.3030909 6.6752968 -0.0128759 -0.2849121 -0.0486506 0.9572317
1668949194.452807 0.5569987 0.3027172 6.7256331 -0.0041979 -0.3010502 -0.0365204 0.9528995
1668949194.752908 0.5611498 0.3058684 6.7557526 -0.0268985 -0.3052784 -0.0212038 0.9516470
1668949194.953378 0.5680509 0.3085437 6.7787724 -0.0307570 -0.3016270 -0.0188109 0.9527442
1668949195.152700 0.5786409 0.3117042 6.8114305 -0.0253944 -0.2844912 -0.0233124 0.9580586
1668949195.452826 0.5893486 0.3126104 6.8599548 -0.0282583 -0.2974833 -0.0337339 0.9537122
1668949195.752823 0.5878253 0.3182814 6.9045787 -0.0248875 -0.3201980 -0.0207582 0.9467962
1668949195.952816 0.5857449 0.3166863 6.9459901 -0.0143583 -0.3266020 -0.0225444 0.9447840
1668949196.352855 0.5841355 0.3148434 7.0182438 -0.0147656 -0.3514002 -0.0146828 0.9359938
1668949196.552813 0.5846815 0.3190777 7.0529404 -0.0010428 -0.3835112 -0.0182151 0.9233561
1668949196.752985 0.5834584 0.3185540 7.0901737 0.0146936 -0.4335933 -0.0313496 0.9004434
1668949196.950620 0.5740962 0.3223983 7.1197615 -0.0007021 -0.4838841 -0.0189322 0.8749271
1668949197.150745 0.5528698 0.3301631 7.1484590 -0.0140957 -0.5205367 -0.0099511 0.8536650
1668949197.350645 0.5232186 0.3330584 7.1825423 -0.0022463 -0.5453315 -0.0051439 0.8382017
1668949197.550790 0.4926767 0.3278449 7.2125177 0.0133531 -0.5724509 0.0094158 0.8197762
1668949197.750771 0.4665022 0.3298136 7.2341747 0.0001820 -0.6045649 0.0169471 0.7963756
1668949197.950955 0.4376125 0.3345900 7.2626562 0.0061706 -0.6298534 0.0189179 0.7764592
1668949198.150753 0.4050698 0.3347489 7.2969899 0.0151989 -0.6475037 0.0151087 0.7617610
1668949198.350878 0.3730583 0.3367077 7.3211164 0.0071344 -0.6761851 0.0090791 0.7366413
1668949198.550628 0.3402228 0.3431611 7.3421049 -0.0026978 -0.6885357 0.0093453 0.7251371
1668949198.750865 0.2985406 0.3461013 7.3599505 0.0148152 -0.6867301 0.0191884 0.7265081
1668949198.950871 0.2547059 0.3404489 7.3789477 0.0219375 -0.6848764 0.0316507 0.7276408
1668949199.150728 0.2169709 0.3396543 7.3953977 0.0064711 -0.6859869 0.0390589 0.7265360
1668949199.350814 0.1771150 0.3466495 7.4166770 0.0024827 -0.6950964 0.0326134 0.7181721
1668949199.550740 0.1349111 0.3479586 7.4399991 0.0083533 -0.7043213 0.0267436 0.7093282
1668949199.750734 0.0908737 0.3461527 7.4548655 0.0187610 -0.7277426 0.0246851 0.6851493
1668949199.950627 0.0474577 0.3493190 7.4655628 0.0189958 -0.7348288 0.0292623 0.6773548
1668949200.150791 -0.0050893 0.3505057 7.4715810 0.0186080 -0.7304137 0.0346600 0.6818712
1668949200.750929 -0.1522694 0.3531724 7.4950809 0.0084115 -0.7241373 0.0461126 0.6880611
1668949200.950909 -0.2032905 0.3501812 7.5062790 0.0165049 -0.7325950 0.0432917 0.6790862
1668949201.150726 -0.2502999 0.3477376 7.5134602 0.0195728 -0.7465987 0.0414331 0.6636946
1668949201.750621 -0.3942161 0.3457615 7.5217490 0.0151901 -0.7229465 0.0581722 0.6882830
1668949201.952742 -0.4365945 0.3475798 7.5258770 0.0160759 -0.7283288 0.0533595 0.6829579
1668949202.352841 -0.5236015 0.3469324 7.5515261 0.0412860 -0.7539188 0.0448148 0.6541358
1668949202.552929 -0.5594015 0.3483101 7.5611997 0.0372093 -0.7631358 0.0342146 0.6442583
1668949202.852844 -0.6158133 0.3523350 7.5635796 0.0302328 -0.7707645 0.0389378 0.6352103
1668949203.352824 -0.7111530 0.3521508 7.5664167 0.0089664 -0.7749743 0.0436109 0.6304225
1668949203.652843 -0.7739720 0.3563728 7.5772781 0.0199564 -0.7860121 0.0444661 0.6162869
1668949203.852479 -0.8170629 0.3511729 7.5848513 0.0452849 -0.7978664 0.0390623 0.5998606
1668949204.152809 -0.8737688 0.3533942 7.5887051 0.0323675 -0.8118064 0.0263538 0.5824330
1668949204.552730 -0.9480886 0.3485696 7.5783429 0.0510598 -0.8139064 0.0550099 0.5761277
1668949204.752605 -0.9807510 0.3450592 7.5728726 0.0352068 -0.8237247 0.0548742 0.5632290
1668949205.052573 -1.0249372 0.3486810 7.5663729 0.0327642 -0.8560361 0.0529455 0.5131525
1668949205.253489 -1.0586176 0.3469594 7.5662084 0.0410592 -0.8767453 0.0563298 0.4758769
1668949207.153155 -1.1198277 0.3368847 7.4617481 -0.0466934 0.9953288 -0.0739945 0.0408066
1668949207.552127 -1.1200185 0.3374059 7.4277906 -0.0313137 0.9929202 -0.0646564 0.0945970
1668949207.751893 -1.1148849 0.3360937 7.3979893 -0.0345079 0.9923875 -0.0694792 0.0956504
1668949207.952013 -1.1083429 0.3301909 7.3659401 -0.0329028 0.9915777 -0.0780148 0.0980041
1668949208.252613 -1.0927522 0.3291408 7.3313856 -0.0245092 0.9883695 -0.0813805 0.1261036
1668949209.650294 -1.0202832 0.3252444 7.2405062 -0.0182941 0.8130072 -0.0844698 0.5758034
1668949209.850487 -1.0072298 0.3295735 7.2431531 -0.0207800 0.7725282 -0.0736857 0.6303482
1668949210.050268 -0.9942322 0.3297580 7.2488222 -0.0227044 0.7366892 -0.0686098 0.6723588
1668949210.151827 -0.9853716 0.3300003 7.2523088 -0.0235734 0.7262523 -0.0657988 0.6838657
1668949210.350313 -0.9636521 0.3298956 7.2545457 -0.0235177 0.7115870 -0.0691352 0.6987926
1668949210.550321 -0.9351473 0.3277302 7.2580214 -0.0204374 0.7079890 -0.0705084 0.7023977
1668949211.150268 -0.8470960 0.3325253 7.2542496 -0.0257267 0.7123778 -0.0232793 0.7009380
1668949211.350230 -0.8108907 0.3361177 7.2464061 -0.0169711 0.7024165 -0.0260350 0.7110873
1668949211.750196 -0.7179055 0.3286416 7.2348504 -0.0183754 0.6731802 -0.0639041 0.7364829
1668949211.950672 -0.6716285 0.3297487 7.2312937 -0.0232078 0.6638596 -0.0663818 0.7445437
1668949212.350611 -0.5681601 0.3257217 7.2326055 0.0058731 0.6934651 -0.0475813 0.7188933
1668949212.550425 -0.5200830 0.3284505 7.2272577 -0.0117428 0.7103369 -0.0301731 0.7031168
1668949212.750670 -0.4678440 0.3319979 7.2159033 -0.0232133 0.7154400 -0.0255986 0.6978190
1668949213.350483 -0.3188596 0.3322739 7.1928034 -0.0256298 0.6952011 -0.0339916 0.7175536
1668949213.652123 -0.2323589 0.3261765 7.1952538 -0.0148673 0.7123833 -0.0380349 0.7006013
1668949213.953014 -0.1512218 0.3268656 7.1893463 -0.0108017 0.7151110 -0.0337265 0.6981133
1668949214.553018 0.0107827 0.3249512 7.1778693 -0.0130493 0.6864283 -0.0555989 0.7249514
1668949214.953031 0.1215453 0.3254324 7.1811142 -0.0040744 0.7104357 -0.0364181 0.7028074
1668949215.353102 0.2248106 0.3301843 7.1691003 -0.0045244 0.7096564 -0.0279041 0.7039806
1668949215.752471 0.3288860 0.3230658 7.1575713 -0.0260379 0.6846333 -0.0442824 0.7270752
1668949216.052939 0.4066176 0.3241735 7.1530333 -0.0123390 0.6904462 -0.0519484 0.7214106
1668949216.353105 0.4804525 0.3180428 7.1464295 -0.0065477 0.7127330 -0.0414007 0.7001820
1668949216.653116 0.5514112 0.3237470 7.1362290 -0.0052167 0.7024022 -0.0429305 0.7104652
1668949216.953372 0.6214547 0.3214878 7.1234560 -0.0111529 0.6911388 -0.0447486 0.7212492
1668949217.153098 0.6610513 0.3235253 7.1204176 -0.0234506 0.6897864 -0.0395273 0.7225527
1668949217.352988 0.7065873 0.3274682 7.1229076 -0.0190221 0.6914453 -0.0378632 0.7211851
1668949217.952886 0.8410077 0.3262230 7.1112933 -0.0109502 0.7060986 -0.0305918 0.7073677
1668949218.152713 0.8869696 0.3302568 7.1015720 -0.0053487 0.6895385 -0.0458581 0.7227760
1668949218.652883 0.9760303 0.3295893 7.0967593 -0.0230585 0.6417074 -0.0443629 0.7653182
1668949218.852881 1.0165854 0.3300432 7.0997968 -0.0133844 0.6348595 -0.0471345 0.7710724
1668949219.152670 1.0740891 0.3261582 7.1108236 0.0053231 0.6027919 -0.0594274 0.7956645
1668949219.452491 1.1069918 0.3344532 7.1317091 0.0023473 0.5156296 -0.0457814 0.8555845
1668949219.652651 1.1238942 0.3345058 7.1466069 0.0062796 0.4315162 -0.0388681 0.9012457
1668949219.952718 1.1498814 0.3341039 7.1645579 0.0009369 0.3139248 -0.0346205 0.9488160
1668949220.252877 1.1613665 0.3344845 7.1781111 0.0046661 0.2066091 -0.0361857 0.9777431
1668949220.750607 1.1689115 0.3390832 7.2102747 -0.0002361 0.0881140 -0.0157734 0.9959854
1668949221.049918 1.1699172 0.3463188 7.2549005 -0.0014856 0.0488188 -0.0177346 0.9986491
1668949221.350055 1.1695709 0.3455456 7.3153825 0.0035481 0.0401663 -0.0041163 0.9991782
1668949221.650821 1.1749153 0.3516953 7.3742499 -0.0002247 0.0349768 -0.0061305 0.9993694
1668949221.950938 1.1922152 0.3605013 7.4402609 -0.0010957 0.0143593 -0.0102624 0.9998437
1668949222.350419 1.2016988 0.3635347 7.5241027 -0.0068752 -0.0334971 -0.0260887 0.9990746
1668949222.650616 1.1992478 0.3723832 7.6020765 -0.0027407 -0.0280585 -0.0149695 0.9994905
1668949222.950516 1.2002351 0.3722802 7.6729517 -0.0165084 0.0096587 0.0084131 0.9997817
1668949223.250426 1.2099813 0.3807022 7.7439919 -0.0113482 0.0081489 0.0011789 0.9999018
1668949223.650278 1.2235662 0.3787798 7.8383389 -0.0027494 -0.0214848 -0.0019343 0.9997636
1668949223.950417 1.2270598 0.3880082 7.9168735 0.0035555 -0.0105772 -0.0076714 0.9999084
1668949224.250374 1.2290301 0.3858118 7.9966326 0.0093744 0.0079627 0.0092748 0.9998814
1668949224.550073 1.2393662 0.3985367 8.0664845 -0.0126367 0.0113916 0.0026709 0.9998518
1668949224.850150 1.2517762 0.4031390 8.1444731 -0.0148085 -0.0119293 -0.0084483 0.9997834
1668949225.150353 1.2585081 0.4086088 8.2147264 -0.0182920 -0.0284442 -0.0274030 0.9990522
1668949225.452196 1.2572315 0.4146543 8.2940483 -0.0214236 -0.0050093 -0.0106916 0.9997008
1668949225.652732 1.2610545 0.4148195 8.3439417 -0.0213572 0.0231252 0.0016602 0.9995031
1668949225.852673 1.2637017 0.4215575 8.3896799 -0.0350262 0.0297285 0.0151231 0.9988297
1668949226.152747 1.2760425 0.4286419 8.4614201 -0.0290346 0.0118516 0.0167326 0.9993681
1668949226.352551 1.2786484 0.4282684 8.5115223 -0.0321350 -0.0197428 0.0064002 0.9992681
1668949226.551993 1.2798057 0.4329108 8.5600195 -0.0365822 -0.0424246 0.0059542 0.9984119
1668949226.752591 1.2787654 0.4369801 8.6251812 -0.0140513 -0.0351078 0.0031666 0.9992798
1668949226.952866 1.2787206 0.4350066 8.6794882 -0.0137194 -0.0179724 0.0070859 0.9997193
1668949227.252559 1.2897710 0.4456492 8.7519131 -0.0338705 0.0121935 0.0323100 0.9988295
1668949227.552266 1.3040060 0.4497171 8.8325148 -0.0152867 -0.0247356 0.0269862 0.9992129
1668949227.952136 1.3116962 0.4559889 8.9254875 -0.0158700 -0.0367400 -0.0020573 0.9991966
1668949228.252705 1.3106185 0.4557432 9.0076141 0.0008097 -0.0130732 0.0083313 0.9998795
1668949228.551853 1.3198097 0.4654277 9.0833740 -0.0303726 0.0212827 0.0234748 0.9990362
1668949228.852605 1.3328516 0.4720255 9.1634655 -0.0303774 0.0045825 0.0266450 0.9991729
1668949229.152701 1.3321824 0.4733949 9.2343473 -0.0348233 -0.0439898 -0.0048742 0.9984130
1668949229.452723 1.3289595 0.4837505 9.3123569 -0.0268255 -0.0275874 0.0066514 0.9992373
1668949229.752689 1.3275876 0.4805275 9.3948793 -0.0204657 0.0026903 0.0132417 0.9996993
1668949230.053249 1.3347917 0.4902641 9.4747629 -0.0230652 0.0091443 0.0044280 0.9996822
1668949230.352606 1.3417506 0.4899958 9.5597162 -0.0249328 -0.0078862 -0.0107710 0.9996001
1668949230.652618 1.3394916 0.4980791 9.6388988 -0.0197218 -0.0374063 -0.0135795 0.9990133
1668949230.953182 1.3363520 0.4980924 9.7226810 -0.0199605 -0.0024093 0.0034193 0.9997921
1668949231.352650 1.3477790 0.5094504 9.8236971 -0.0173847 0.0107721 0.0098605 0.9997423
1668949231.752537 1.3594422 0.5127360 9.9328222 -0.0253661 -0.0283471 -0.0063943 0.9992558
1668949232.052237 1.3606359 0.5270824 10.0175066 -0.0219051 -0.0143582 0.0059653 0.9996392
1668949232.450301 1.3728170 0.5301578 10.1240015 -0.0327852 0.0408971 0.0294956 0.9981896
1668949232.950282 1.3872395 0.5415617 10.2606602 -0.0288700 -0.0175647 -0.0022526 0.9994264
1668949233.250278 1.3898067 0.5537931 10.3410721 -0.0307926 -0.0139597 0.0015246 0.9994272
1668949233.650147 1.3978062 0.5559220 10.4476109 -0.0434942 0.0414471 0.0234774 0.9979175
1668949233.950285 1.4121107 0.5702394 10.5312405 -0.0434339 0.0317366 0.0021413 0.9985499
1668949234.250432 1.4165778 0.5668756 10.6143808 -0.0383548 -0.0232703 -0.0154737 0.9988734
1668949234.550306 1.4171553 0.5797288 10.6986609 -0.0293715 -0.0094277 -0.0096613 0.9994774
1668949234.850232 1.4258952 0.5792320 10.7789364 -0.0456207 0.0454927 0.0094143 0.9978781
1668949235.250482 1.4439490 0.5944244 10.8895979 -0.0596925 0.0485245 -0.0062724 0.9970170
1668949235.650172 1.4475977 0.5942914 10.9973745 -0.0346438 -0.0134484 -0.0218455 0.9990705
1668949236.050286 1.4432378 0.5925381 11.1018276 -0.0140649 0.0263288 -0.0110483 0.9994934
1668949236.450193 1.4567976 0.6061475 11.2034597 -0.0356558 0.0275104 -0.0080267 0.9989531
1668949236.850194 1.4604716 0.6047348 11.3099251 -0.0339206 -0.0257362 -0.0163193 0.9989599
1668949237.252547 1.4602499 0.6112394 11.4173546 -0.0374642 0.0121942 -0.0067400 0.9992009
1668949237.652318 1.4743383 0.6198052 11.5198460 -0.0370063 0.0433206 0.0123498 0.9982993
1668949238.052488 1.4938481 0.6221021 11.6247005 -0.0355649 0.0103188 -0.0092675 0.9992712
1668949238.452086 1.4986596 0.6376062 11.7305126 -0.0549358 0.0177778 -0.0124777 0.9982537
1668949238.751682 1.5022061 0.6310690 11.8133373 -0.0397409 0.0523527 0.0142335 0.9977361
1668949239.152336 1.5202019 0.6413016 11.9254770 -0.0293252 0.0523478 0.0118805 0.9981276
1668949239.552418 1.5265591 0.6394224 12.0303020 -0.0161323 -0.0022808 -0.0166807 0.9997281
1668949239.951999 1.5255352 0.6460679 12.1417112 -0.0173231 0.0319309 0.0007040 0.9993398
1668949240.252521 1.5329287 0.6552485 12.2179527 -0.0287653 0.0461218 0.0159513 0.9983941
1668949240.552387 1.5477804 0.6630592 12.3041716 -0.0237434 0.0203891 0.0128915 0.9994271
1668949240.852604 1.5514371 0.6666777 12.3814697 -0.0261328 -0.0230184 -0.0158358 0.9992680
1668949241.152093 1.5534439 0.6759131 12.4689417 -0.0338719 0.0101662 -0.0077287 0.9993446
1668949241.452579 1.5588979 0.6745891 12.5475016 -0.0250568 0.0338835 0.0112681 0.9990482
1668949241.750212 1.5689902 0.6887890 12.6291342 -0.0236735 0.0198467 0.0115110 0.9994565
1668949242.050575 1.5746354 0.6890303 12.7117567 -0.0327983 -0.0134175 -0.0079717 0.9993402
1668949242.349881 1.5756322 0.7014952 12.7964907 -0.0305636 -0.0047487 -0.0037543 0.9995146
1668949242.650228 1.5803413 0.7005857 12.8801489 -0.0373172 0.0391647 0.0169373 0.9983920
1668949242.949794 1.5921705 0.7140276 12.9596634 -0.0386413 0.0415343 0.0111119 0.9983277
1668949243.250122 1.6008675 0.7135265 13.0440083 -0.0376444 -0.0114555 -0.0136665 0.9991320
1668949243.549693 1.6044040 0.7239747 13.1256323 -0.0301471 -0.0207694 -0.0199235 0.9991311
1668949243.850286 1.6063796 0.7235432 13.2136164 -0.0237186 0.0207232 0.0005780 0.9995037
1668949244.149354 1.6170099 0.7332039 13.2935934 -0.0279882 0.0328802 0.0095424 0.9990218
1668949244.450249 1.6312783 0.7324020 13.3791904 -0.0138736 0.0007624 0.0022818 0.9999009
1668949244.749141 1.6328912 0.7361298 13.4501190 -0.0126830 -0.0157031 -0.0150757 0.9996827
1668949245.050407 1.6266894 0.7425774 13.5272703 -0.0123474 -0.0013055 -0.0181548 0.9997581
1668949245.450268 1.6258960 0.7493951 13.6274071 -0.0350622 0.0269270 0.0003068 0.9990223
1668949245.749062 1.6347771 0.7561160 13.7071934 -0.0277020 0.0083259 -0.0100390 0.9995312
1668949246.149084 1.6362879 0.7646059 13.8202610 -0.0341398 -0.0064393 -0.0188212 0.9992190
1668949246.450526 1.6358912 0.7644081 13.9041367 -0.0241128 0.0249944 -0.0054381 0.9993820
1668949246.852586 1.6524475 0.7735019 14.0122042 -0.0155453 0.0241394 -0.0006351 0.9995876
1668949247.252580 1.6683595 0.7754270 14.1178331 -0.0175408 -0.0085779 -0.0221262 0.9995645
1668949247.552475 1.6770781 0.7855947 14.2042780 -0.0208630 0.0158706 -0.0189273 0.9994772
1668949247.852696 1.6848135 0.7869408 14.2833576 -0.0313407 0.0306063 -0.0079130 0.9990088
1668949248.152543 1.6957831 0.7995508 14.3666153 -0.0253281 0.0168499 -0.0167869 0.9993963
1668949248.553272 1.6940974 0.8024604 14.4716129 -0.0230042 -0.0264628 -0.0288941 0.9989673
1668949248.952699 1.6803467 0.8052287 14.5829811 -0.0289847 0.0114422 -0.0036896 0.9995076
1668949249.352630 1.6828017 0.8184880 14.6908159 -0.0204668 0.0066725 0.0005977 0.9997681
1668949249.753100 1.6847246 0.8186377 14.7938614 -0.0141881 -0.0157632 -0.0348114 0.9991689
1668949250.152671 1.6740693 0.8232436 14.9014015 -0.0117127 0.0278527 -0.0023593 0.9995407
1668949250.652663 1.6797154 0.8400774 15.0326090 -0.0251083 0.0273212 0.0005975 0.9993112
1668949250.953112 1.6852381 0.8381499 15.1125603 -0.0252956 0.0019202 -0.0125717 0.9995992
1668949251.252526 1.6846228 0.8477519 15.1929274 -0.0132947 0.0086079 -0.0190262 0.9996936
1668949251.552874 1.6876684 0.8460118 15.2757053 -0.0198051 0.0511174 0.0001986 0.9984963
1668949251.852636 1.6932893 0.8579739 15.3486414 -0.0295518 0.0462587 0.0021864 0.9984899
1668949252.152430 1.7031233 0.8591266 15.4283705 -0.0180213 0.0309261 -0.0097726 0.9993113
1668949252.552890 1.7141194 0.8711343 15.5321245 -0.0258847 0.0230193 -0.0126156 0.9993203
1668949252.852600 1.7239516 0.8722513 15.6105413 -0.0410735 0.0434291 -0.0087748 0.9981734
1668949253.052338 1.7311680 0.8785772 15.6594725 -0.0411572 0.0393849 0.0018773 0.9983745
1668949253.352843 1.7510537 0.8789307 15.7368259 -0.0171502 0.0141880 -0.0135034 0.9996611
1668949253.553052 1.7553543 0.8794506 15.7887249 -0.0229943 -0.0168685 -0.0233945 0.9993196
1668949253.752893 1.7578751 0.8865635 15.8431501 -0.0113825 -0.0110844 -0.0192551 0.9996884
1668949253.953274 1.7552768 0.8826353 15.8900394 -0.0201347 0.0089819 0.0011242 0.9997563
1668949254.152840 1.7582932 0.8823974 15.9360695 -0.0143144 0.0128384 0.0115718 0.9997482
1668949254.353498 1.7647271 0.8884867 15.9847260 -0.0045437 0.0030556 0.0051926 0.9999716
1668949254.552642 1.7764187 0.8916715 16.0325546 -0.0070490 0.0025430 -0.0015468 0.9999708
1668949254.852684 1.7875314 0.8957844 16.0988007 -0.0309047 -0.0204455 -0.0090476 0.9992722
1668949255.053865 1.7934684 0.9033353 16.1469879 -0.0241242 0.0009364 -0.0085660 0.9996719
1668949255.252687 1.7964747 0.9057803 16.1995258 -0.0222226 0.0276315 -0.0060057 0.9993532
1668949255.452908 1.8000705 0.9058277 16.2458534 -0.0246339 0.0459993 0.0081371 0.9986046
1668949255.751726 1.8094611 0.9160054 16.3129921 -0.0331277 0.0468541 0.0102887 0.9982993
1668949255.950931 1.8209392 0.9190965 16.3644886 -0.0205003 0.0352741 0.0063356 0.9991472
1668949256.150627 1.8254243 0.9161502 16.4116898 -0.0229623 0.0036173 -0.0101222 0.9996786
1668949256.350780 1.8269030 0.9205096 16.4590473 -0.0164620 -0.0084321 -0.0243064 0.9995335
1668949256.550554 1.8229930 0.9261658 16.5094681 -0.0194190 -0.0027262 -0.0180661 0.9996444
1668949256.750727 1.8223449 0.9238929 16.5547619 -0.0119540 0.0079050 -0.0027699 0.9998935
1668949256.950635 1.8245440 0.9286106 16.5964756 -0.0219619 0.0117486 0.0098686 0.9996411
1668949257.150787 1.8336500 0.9363050 16.6389561 -0.0220201 -0.0071514 0.0069427 0.9997079
1668949257.350527 1.8453430 0.9369667 16.6841564 -0.0174020 -0.0286287 0.0020194 0.9994365
1668949257.550641 1.8546356 0.9376012 16.7247372 -0.0132100 -0.0599018 -0.0210153 0.9978955
1668949257.850761 1.8586359 0.9423621 16.7752819 -0.0168446 -0.0791084 -0.0206700 0.9965094
1668949258.250787 1.8611045 0.9425355 16.8417587 -0.0023079 -0.0959085 -0.0258045 0.9950530
1668949258.750775 1.8805676 0.9560711 16.9068832 -0.0331079 -0.1599267 0.0016250 0.9865723
1668949259.150862 1.9081569 0.9568939 16.9721489 -0.0179149 -0.2408129 -0.0290910 0.9699701
1668949259.450881 1.9106464 0.9634787 17.0161896 -0.0284872 -0.2935424 -0.0251463 0.9551907
1668949259.750659 1.9039726 0.9599125 17.0642338 -0.0050387 -0.3155591 -0.0273745 0.9484977
1668949259.951011 1.9032497 0.9552653 17.0985451 0.0008020 -0.3377740 -0.0180084 0.9410545
1668949260.350866 1.8962078 0.9637140 17.1479435 0.0118493 -0.4355377 -0.0048538 0.9000795
1668949260.550813 1.8945570 0.9656675 17.1790009 0.0110680 -0.4842934 -0.0211159 0.8745809
1668949260.751598 1.8930597 0.9676995 17.2070198 0.0133106 -0.5249075 -0.0350494 0.8503333
1668949260.853108 1.8879147 0.9693153 17.2155590 0.0144448 -0.5393157 -0.0305282 0.8414260
1668949261.052996 1.8695498 0.9748901 17.2366333 0.0084929 -0.5646384 -0.0249058 0.8249187
1668949261.252958 1.8421154 0.9748530 17.2621517 0.0136097 -0.5856056 -0.0299738 0.8099275
1668949262.452927 1.6769819 0.9775500 17.3805065 0.0167565 -0.6611334 0.0049006 0.7500653
1668949262.653055 1.6425562 0.9840535 17.3936653 0.0012536 -0.6730584 -0.0045549 0.7395743
1668949262.852899 1.6004152 0.9840727 17.4017696 0.0233915 -0.6668235 0.0020934 0.7448455
1668949263.453108 1.4840546 0.9810518 17.4239025 -0.0083639 -0.6762891 0.0188550 0.7363474
1668949263.652877 1.4364548 0.9826352 17.4371796 -0.0026087 -0.6813178 0.0241281 0.7315853
1668949263.952926 1.3721447 0.9752912 17.4549980 0.0035823 -0.6957913 0.0199990 0.7179566
1668949264.152859 1.3314629 0.9780965 17.4612789 0.0117089 -0.6957154 0.0148837 0.7180679
1668949264.352934 1.2819138 0.9802324 17.4633293 0.0051698 -0.6874623 0.0147991 0.7260509
1668949264.752965 1.1938496 0.9734696 17.4707584 -0.0037862 -0.6707624 0.0382007 0.7406783
1668949264.953480 1.1473732 0.9781594 17.4833660 -0.0026006 -0.6745700 0.0272023 0.7377050
1668949265.152831 1.1000824 0.9773952 17.5002518 0.0048671 -0.6804602 0.0346303 0.7319501
1668949265.552928 1.0116444 0.9759715 17.5194263 -0.0069748 -0.6946980 0.0047226 0.7192522
1668949265.752874 0.9694004 0.9783454 17.5194855 -0.0197645 -0.6960548 0.0131971 0.7175952
1668949265.953010 0.9238987 0.9729524 17.5182533 -0.0338006 -0.7010221 0.0319352 0.7116218
1668949266.152682 0.8803005 0.9718021 17.5178604 -0.0297954 -0.6917223 0.0326425 0.7208099
1668949266.352642 0.8388538 0.9755706 17.5187206 -0.0353640 -0.6993820 0.0213879 0.7135522
1668949266.552660 0.7927704 0.9782844 17.5213566 -0.0265383 -0.7111995 0.0201990 0.7021987
1668949266.753094 0.7426872 0.9743133 17.5292187 -0.0118768 -0.7075916 0.0276798 0.7059793
1668949266.953189 0.6957340 0.9709274 17.5326557 -0.0103090 -0.7065414 0.0306867 0.7069309
1668949267.152699 0.6457863 0.9710335 17.5316944 -0.0034466 -0.6953151 0.0388856 0.7176441
1668949267.452685 0.5753288 0.9634292 17.5248413 -0.0008235 -0.6834144 0.0503256 0.7282935
1668949267.650241 0.5302429 0.9664897 17.5219021 -0.0135477 -0.6919033 0.0449527 0.7204621
1668949267.850389 0.4808826 0.9725028 17.5308990 -0.0052054 -0.6996194 0.0386905 0.7134484
1668949268.050410 0.4262142 0.9703272 17.5415974 0.0298054 -0.7034037 0.0328303 0.7094062
1668949268.350477 0.3532505 0.9687285 17.5490360 0.0265789 -0.7141914 0.0301394 0.6987959
1668949268.650300 0.2760792 0.9695907 17.5557022 0.0053229 -0.6957705 0.0271214 0.7177323
1668949268.950875 0.2060184 0.9721909 17.5636234 -0.0032469 -0.6818646 0.0314202 0.7307961
1668949269.250283 0.1329956 0.9780287 17.5851631 0.0066663 -0.6921389 0.0233301 0.7213565
1668949269.550344 0.0680218 0.9737647 17.6010075 -0.0023088 -0.7199998 0.0246848 0.6935312
1668949269.850495 -0.0047016 0.9776159 17.6177731 -0.0025283 -0.7133932 0.0344161 0.6999139
1668949270.150259 -0.0754051 0.9720775 17.6345596 -0.0096300 -0.6903449 0.0383826 0.7223974
1668949270.450271 -0.1384678 0.9768087 17.6516342 -0.0172596 -0.7035472 0.0344180 0.7096047
1668949270.850274 -0.2218628 0.9689100 17.6750774 0.0130883 -0.7459686 0.0237374 0.6654293
1668949271.250289 -0.2926979 0.9695140 17.6717243 0.0204926 -0.7780555 0.0367592 0.6267843
1668949271.550395 -0.3417740 0.9657902 17.6678810 0.0073312 -0.7971061 0.0376589 0.6026193
1668949271.850377 -0.3709822 0.9631192 17.6525669 0.0070100 -0.8492997 0.0371312 0.5265569
1668949272.150298 -0.3939114 0.9614128 17.6440144 0.0198897 -0.8970104 0.0466203 0.4390939
1668949272.552739 -0.4044924 0.9619688 17.6364136 0.0175536 -0.9374471 0.0476177 0.3444089
1668949272.852832 -0.4038086 0.9620048 17.6300335 0.0212302 -0.9573751 0.0533560 0.2830821
1668949273.252105 -0.3931146 0.9608051 17.6175537 0.0249275 -0.9807622 0.0515801 0.1866111
1668949273.552821 -0.3809400 0.9603179 17.6083126 0.0276150 -0.9927361 0.0530780 0.1043793
1668949273.852888 -0.3679291 0.9624263 17.5923576 0.0175100 -0.9988309 0.0425677 0.0147761
1668949274.052748 -0.3569690 0.9608295 17.5728664 -0.0122907 0.9990265 -0.0403409 0.0129374
1668949274.352934 -0.3406947 0.9562547 17.5381584 -0.0067609 0.9986159 -0.0469141 0.0227978
1668949274.852742 -0.3198782 0.9558445 17.4909058 -0.0084921 0.9958211 -0.0517148 0.0747934
1668949275.052840 -0.3131914 0.9558124 17.4651203 -0.0130692 0.9911547 -0.0553979 0.1198854
1668949275.252703 -0.3060260 0.9537662 17.4379463 -0.0258932 0.9818695 -0.0616346 0.1773787
1668949275.452822 -0.2980843 0.9508331 17.4185257 -0.0306290 0.9684026 -0.0712321 0.2370317
1668949275.652736 -0.2801828 0.9525275 17.4058685 -0.0335715 0.9471387 -0.0654129 0.3122858
1668949275.852724 -0.2583218 0.9597773 17.4084988 -0.0340414 0.9170692 -0.0590126 0.3928651
1668949276.252861 -0.1837511 0.9525102 17.4035263 -0.0221447 0.8499514 -0.0564172 0.5233635
1668949276.553015 -0.1388168 0.9534032 17.4042778 -0.0148426 0.8066210 -0.0532760 0.5884760
1668949276.953098 -0.0803280 0.9598445 17.3930969 -0.0253555 0.7684692 -0.0279408 0.6387735
1668949277.353239 -0.0018101 0.9567447 17.3631134 -0.0316903 0.7386954 -0.0536619 0.6711521
1668949277.652569 0.0565338 0.9572752 17.3516197 -0.0367149 0.7157061 -0.0420176 0.6961691
1668949277.852955 0.0984612 0.9612634 17.3522873 -0.0340236 0.7161734 -0.0369613 0.6961121
1668949277.953531 0.1235256 0.9619577 17.3508720 -0.0375360 0.7217617 -0.0348871 0.6902420
1668949278.253050 0.1889648 0.9609108 17.3478279 -0.0314635 0.7353228 -0.0203657 0.6766798
1668949278.453065 0.2296448 0.9640152 17.3456974 -0.0395070 0.7308492 -0.0124628 0.6812806
1668949278.653252 0.2754631 0.9675311 17.3384342 -0.0358812 0.7180904 -0.0178858 0.6947939
1668949279.053278 0.3713284 0.9606041 17.3251667 -0.0426671 0.6866188 -0.0173566 0.7255570
1668949279.349891 0.4416142 0.9678382 17.3242168 -0.0347305 0.6854046 -0.0220044 0.7270008
1668949279.850354 0.5525532 0.9604613 17.3295841 -0.0277055 0.7128827 -0.0111441 0.7006472
1668949280.150255 0.6199512 0.9656332 17.3182945 -0.0200482 0.7027491 -0.0248219 0.7107219
1668949280.450273 0.6902485 0.9624311 17.3094063 -0.0352411 0.6907564 -0.0261005 0.7217565
1668949280.750160 0.7572041 0.9681454 17.3031578 -0.0480398 0.6909816 -0.0255311 0.7208223
1668949280.950094 0.8093739 0.9665526 17.3052120 -0.0370881 0.7045399 -0.0252259 0.7082455
1668949281.550070 0.9512157 0.9712864 17.2942734 -0.0289992 0.7238941 -0.0133101 0.6891728
1668949281.750019 1.0052834 0.9689535 17.2813683 -0.0291869 0.7141393 -0.0243729 0.6989700
1668949281.950085 1.0510483 0.9627060 17.2775402 -0.0375474 0.6920788 -0.0237668 0.7204528
1668949282.150130 1.0960350 0.9664493 17.2756863 -0.0375562 0.6912544 -0.0313881 0.7209519
1668949282.350119 1.1454697 0.9675515 17.2799034 -0.0345046 0.6901084 -0.0407200 0.7217351
1668949282.550451 1.1950626 0.9633179 17.2817516 -0.0144004 0.6957948 -0.0312789 0.7174147
1668949282.849902 1.2642059 0.9696623 17.2755909 -0.0353056 0.7041016 -0.0198538 0.7089431
1668949283.150781 1.3363533 0.9720129 17.2590313 -0.0221731 0.6971636 -0.0285936 0.7159984
1668949283.349857 1.3838787 0.9706383 17.2605724 -0.0341023 0.6887479 -0.0427919 0.7229330
1668949283.650116 1.4442616 0.9772606 17.2524738 -0.0393418 0.6940657 -0.0452370 0.7174111
1668949284.250990 1.5714226 0.9762822 17.2371140 -0.0123932 0.7656598 -0.0392315 0.6419286
1668949284.452248 1.6046810 0.9795300 17.2208939 -0.0110555 0.7739429 -0.0534385 0.6308997
1668949284.652692 1.6361980 0.9768600 17.2007236 0.0002541 0.7944399 -0.0550755 0.6048405
1668949284.952255 1.6672134 0.9759301 17.1720638 -0.0141794 0.8280542 -0.0756109 0.5553450
1668949285.152886 1.6822939 0.9764587 17.1548100 -0.0216496 0.8616548 -0.0660127 0.5027174
1668949285.452716 1.7105169 0.9748107 17.1290283 -0.0182179 0.9098616 -0.0622759 0.4098070
1668949285.652560 1.7257414 0.9714222 17.1182823 -0.0170907 0.9294339 -0.0632046 0.3631330
1668949285.952823 1.7497616 0.9691620 17.0966721 -0.0064627 0.9547289 -0.0718912 0.2885875
1668949286.252821 1.7594891 0.9669465 17.0709934 -0.0082873 0.9679727 -0.0602630 0.2435747
1668949286.452655 1.7635012 0.9680418 17.0439987 -0.0095190 0.9748641 -0.0522786 0.2163705
1668949286.652528 1.7654638 0.9668792 17.0085754 -0.0034250 0.9853979 -0.0528257 0.1618297
1668949286.953157 1.7696910 0.9647760 16.9530029 -0.0184391 0.9923413 -0.0497575 0.1115482
1668949287.152857 1.7761121 0.9675103 16.9169388 -0.0231303 0.9941787 -0.0403551 0.0971853
1668949287.352048 1.7883239 0.9643266 16.8777485 -0.0107776 0.9960648 -0.0528682 0.0703123
1668949287.552843 1.8021984 0.9564614 16.8351803 -0.0029373 0.9969359 -0.0613465 0.0484443
1668949287.952756 1.8112452 0.9580142 16.7540092 0.0006989 0.9990661 -0.0371288 0.0220867
1668949288.152750 1.8063092 0.9596448 16.7029877 -0.0159722 0.9988583 -0.0429445 0.0135219
1668949288.352331 1.8025720 0.9492188 16.6576157 -0.0066602 0.9985729 -0.0496426 0.0185366
1668949288.552025 1.8013647 0.9428751 16.6178970 -0.0115371 0.9976627 -0.0540953 0.0401186
1668949288.752635 1.8041058 0.9456291 16.5650311 -0.0035169 0.9985253 -0.0419750 0.0342459
1668949289.152696 1.7970264 0.9362115 16.4702587 -0.0073361 -0.9987506 0.0407377 0.0280012
1668949289.352077 1.7912331 0.9363947 16.4190578 -0.0142632 -0.9986995 0.0433612 0.0227126
1668949289.552669 1.7802693 0.9354446 16.3696384 0.0060727 -0.9989929 0.0401348 0.0191204
1668949289.752725 1.7776285 0.9305649 16.3227921 0.0160724 -0.9993103 0.0333934 0.0023910
1668949289.952710 1.7783284 0.9311707 16.2792244 -0.0253142 0.9987845 -0.0363764 0.0215780
1668949290.152685 1.7829370 0.9291745 16.2305622 -0.0168911 0.9991295 -0.0358268 0.0130949
1668949290.352273 1.7816269 0.9168859 16.1851940 -0.0007970 -0.9990537 0.0417008 0.0123310
1668949290.552677 1.7795203 0.9132494 16.1373901 -0.0256707 -0.9989064 0.0241677 0.0307112
1668949290.852349 1.7636409 0.9082636 16.0636902 -0.0095300 -0.9987944 0.0376791 0.0299892
1668949291.150266 1.7563193 0.8949035 15.9943056 -0.0184579 0.9990640 -0.0390702 0.0020188
1668949291.350448 1.7559570 0.8967693 15.9484196 -0.0132817 0.9990408 -0.0415910 0.0033846
1668949291.550364 1.7588794 0.8947171 15.8960142 0.0079169 -0.9990192 0.0418851 0.0119896
1668949291.750178 1.7545778 0.8858910 15.8492556 0.0007428 -0.9974573 0.0514160 0.0493449
1668949292.050256 1.7482524 0.8831936 15.7795839 -0.0116874 -0.9983367 0.0235489 0.0513100
1668949292.350285 1.7328162 0.8719046 15.7020082 -0.0054734 -0.9963412 0.0704950 0.0480094
1668949292.650410 1.7318972 0.8678268 15.6240225 -0.0138167 0.9988299 -0.0463058 0.0019449
1668949292.950557 1.7327259 0.8646617 15.5379877 -0.0012830 -0.9985278 0.0521542 0.0148576
1668949293.250121 1.7269871 0.8600508 15.4587536 -0.0131205 -0.9984666 0.0364674 0.0395294
1668949293.550359 1.7192374 0.8641923 15.3753138 -0.0023886 -0.9992630 0.0281934 0.0259375
1668949293.850509 1.7164199 0.8507770 15.2962074 -0.0142100 0.9989844 -0.0337929 0.0262000
1668949294.150144 1.7218025 0.8496550 15.2183361 -0.0013642 0.9974552 -0.0665236 0.0256123
1668949294.450152 1.7164681 0.8411191 15.1415033 -0.0085638 -0.9982283 0.0499654 0.0311530
1668949294.750384 1.7064389 0.8432797 15.0639038 -0.0077715 -0.9979262 0.0456149 0.0447475
1668949295.050383 1.6983904 0.8325147 14.9818907 0.0031857 -0.9982514 0.0557600 0.0193606
1668949295.350299 1.6919916 0.8328012 14.9032631 0.0110819 -0.9983686 0.0556660 0.0062294
1668949295.750136 1.6811428 0.8232223 14.7960339 -0.0061603 -0.9978772 0.0417760 0.0495774
1668949296.152533 1.6575145 0.8221750 14.6831264 -0.0027595 -0.9971565 0.0506872 0.0556977
1668949296.552546 1.6530082 0.8140585 14.5735016 -0.0228113 0.9986998 -0.0453732 0.0044510
1668949296.952533 1.6507826 0.8047525 14.4556522 -0.0003583 -0.9981425 0.0341801 0.0504303
1668949297.352455 1.6380382 0.8038505 14.3402853 0.0030633 -0.9974517 0.0471341 0.0534716
1668949297.752380 1.6367515 0.7924345 14.2300348 0.0208429 -0.9986786 0.0469749 0.0002373
1668949298.152573 1.6344128 0.7820245 14.1139383 0.0034132 -0.9976268 0.0462607 0.0508842
1668949298.452462 1.6233987 0.7815506 14.0325937 -0.0011366 -0.9971653 0.0456511 0.0598007
1668949298.752616 1.6088109 0.7720305 13.9443092 0.0159053 -0.9982248 0.0516206 0.0250946
1668949299.052480 1.6041645 0.7704309 13.8603725 0.0291940 -0.9984836 0.0466550 0.0012666
1668949299.452404 1.5942028 0.7558015 13.7467928 0.0199850 -0.9977747 0.0475312 0.0422742
1668949299.852347 1.5753059 0.7522515 13.6329937 0.0188861 -0.9975550 0.0598396 0.0307695
1668949300.252376 1.5681655 0.7462064 13.5176392 -0.0282413 0.9981780 -0.0524424 0.0096469
1668949300.652349 1.5612439 0.7330516 13.4028587 0.0023955 -0.9977745 0.0553789 0.0370614
1668949301.052393 1.5447438 0.7268431 13.2896938 0.0182120 -0.9964402 0.0765885 0.0301555
1668949301.452386 1.5414054 0.7239662 13.1784534 -0.0240043 0.9974819 -0.0667205 0.0014681
1668949301.852422 1.5352650 0.7119361 13.0659494 0.0039600 -0.9974700 0.0572701 0.0419308
1668949302.252334 1.5201652 0.7107269 12.9504566 0.0122755 -0.9970422 0.0609734 0.0451502
1668949302.552568 1.5151196 0.7031056 12.8662863 0.0235976 -0.9987143 0.0444794 0.0058519
1668949302.950303 1.5143766 0.6935521 12.7458162 0.0035593 -0.9984031 0.0484885 0.0287613
1668949303.350446 1.4970917 0.6905451 12.6272440 -0.0011882 -0.9967804 0.0591657 0.0541011
1668949303.750167 1.4915483 0.6775395 12.5085049 0.0190766 -0.9982385 0.0561401 0.0020924
1668949304.150295 1.4865503 0.6686001 12.3905640 0.0024854 -0.9978788 0.0581325 0.0291910
1668949304.550217 1.4729086 0.6664771 12.2727566 0.0020841 -0.9977738 0.0561672 0.0358955
1668949304.950270 1.4645878 0.6520429 12.1627808 -0.0262870 0.9984406 -0.0492291 0.0014281
1668949305.350237 1.4602389 0.6471059 12.0518856 0.0166800 -0.9989978 0.0352085 0.0220310
1668949305.750241 1.4455168 0.6450341 11.9416828 0.0147800 -0.9986690 0.0443870 0.0217102
1668949306.150190 1.4378181 0.6348163 11.8402433 -0.0327284 0.9987031 -0.0370086 0.0123077
1668949306.550294 1.4362772 0.6231326 11.7354317 0.0169658 -0.9982176 0.0504957 0.0269100
1668949306.750270 1.4334207 0.6203318 11.6826544 -0.0008850 -0.9983357 0.0442698 0.0369469
1668949307.049200 1.4231298 0.6202773 11.5992575 0.0081169 -0.9974494 0.0613479 0.0355713
1668949307.249183 1.4193126 0.6112690 11.5433483 0.0201489 -0.9978814 0.0592024 0.0179456
1668949307.550326 1.4134413 0.6120034 11.4623585 0.0141278 -0.9981139 0.0590274 0.0092214
1668949307.851985 1.4119622 0.6012895 11.3781176 0.0089746 -0.9976329 0.0594664 0.0333461
1668949308.052055 1.4099319 0.5995727 11.3240013 -0.0014100 -0.9982524 0.0461328 0.0369022
1668949308.252191 1.4014359 0.6015082 11.2669106 0.0077203 -0.9982497 0.0533931 0.0242313
1668949308.552896 1.3958831 0.5907338 11.1827545 -0.0231957 0.9987912 -0.0419839 0.0107533
1668949308.852218 1.3946010 0.5924922 11.0995760 0.0170799 -0.9983059 0.0552166 0.0067012
1668949309.252307 1.3866074 0.5826254 10.9875364 -0.0102072 -0.9984407 0.0361922 0.0412575
1668949309.552751 1.3757633 0.5805002 10.9033318 0.0165626 -0.9976688 0.0597073 0.0285962
1668949309.852371 1.3690560 0.5713044 10.8240776 -0.0321295 0.9982978 -0.0480023 0.0080765
1668949310.152743 1.3617889 0.5708414 10.7385998 0.0049444 -0.9986185 0.0452558 0.0262439
1668949310.451865 1.3513603 0.5663044 10.6565657 -0.0095946 -0.9989608 0.0275600 0.0350123
1668949310.752613 1.3389914 0.5670829 10.5715122 0.0108582 -0.9984207 0.0419746 0.0357248
1668949311.052743 1.3364744 0.5570370 10.4930325 -0.0211059 0.9987031 -0.0458848 0.0064417
1668949311.452521 1.3295050 0.5480384 10.3835726 0.0076159 -0.9976768 0.0638844 0.0224020
1668949311.852586 1.3139515 0.5452858 10.2770681 -0.0007281 -0.9974593 0.0570456 0.0426625
1668949312.252633 1.3082123 0.5281278 10.1745758 -0.0252279 0.9973745 -0.0678553 0.0018677
1668949312.652671 1.3097829 0.5311224 10.0654507 -0.0123415 0.9989142 -0.0447290 0.0041836
1668949313.052672 1.3005803 0.5245445 9.9628658 0.0020416 -0.9986281 0.0511405 0.0110645
1668949313.352592 1.2868856 0.5154411 9.8849487 -0.0133286 0.9978780 -0.0628720 0.0104422
1668949313.652872 1.2818736 0.5097729 9.8138695 -0.0279592 0.9971985 -0.0600480 0.0347529
1668949313.952921 1.2824812 0.5024514 9.7350044 -0.0069812 0.9983228 -0.0572701 0.0048028
1668949314.253229 1.2770745 0.4974954 9.6602917 -0.0081258 -0.9986821 0.0489943 0.0129523
1668949314.650490 1.2625489 0.4920095 9.5490236 0.0042117 -0.9984125 0.0559951 0.0043905
1668949315.050459 1.2583445 0.4882988 9.4506521 -0.0255929 0.9988419 -0.0403104 0.0059117
1668949315.450846 1.2585399 0.4735811 9.3509426 -0.0098210 0.9986439 -0.0511278 0.0001781
1668949315.751098 1.2470396 0.4744012 9.2746134 -0.0165395 0.9981404 -0.0585930 0.0030392
1668949316.050316 1.2388399 0.4624795 9.1996441 -0.0246406 0.9976586 -0.0451045 0.0451185
1668949316.350928 1.2362837 0.4613483 9.1318913 -0.0271259 0.9977512 -0.0507069 0.0344285
1668949316.650596 1.2369679 0.4484657 9.0621128 -0.0112337 0.9978979 -0.0637571 0.0029500
1668949316.950450 1.2313057 0.4497329 8.9902134 -0.0029047 0.9998416 -0.0129799 0.0118348
1668949317.250856 1.2215606 0.4434988 8.9169884 -0.0132975 0.9989063 -0.0413668 0.0172732
1668949317.550553 1.2172406 0.4357310 8.8545113 -0.0415030 0.9963059 -0.0591967 0.0463463
1668949317.850723 1.2194918 0.4409882 8.7748413 -0.0358326 0.9988655 -0.0297448 0.0099356
1668949318.150429 1.2136383 0.4343088 8.7027063 0.0028518 -0.9990909 0.0152568 0.0397069
1668949318.451042 1.2045922 0.4337669 8.6288662 0.0008587 -0.9994336 0.0215704 0.0258159
1668949318.650827 1.2011878 0.4248481 8.5781946 0.0187161 -0.9994176 0.0270251 0.0091604
1668949318.850507 1.1992502 0.4208118 8.5337286 -0.0385454 0.9987109 -0.0288135 0.0161480
1668949319.050689 1.2005119 0.4213916 8.4853106 -0.0327951 0.9982459 -0.0474004 0.0135150
1668949319.350518 1.2041796 0.4082914 8.4130039 0.0322315 -0.9967350 0.0732605 0.0106576
1668949319.652704 1.1960287 0.4097863 8.3489103 0.0355214 -0.9979557 0.0429729 0.0312423
1668949319.852929 1.1901972 0.4081359 8.3037262 0.0340002 -0.9977895 0.0556269 0.0128676
1668949320.053002 1.1809419 0.3970671 8.2565708 -0.0434586 0.9962269 -0.0739816 0.0130423
1668949320.253626 1.1765327 0.3913589 8.2134218 -0.0418970 0.9964061 -0.0652637 0.0340596
1668949320.452998 1.1716633 0.3961064 8.1667948 -0.0340123 0.9975433 -0.0560268 0.0247312
1668949320.752351 1.1712587 0.3887892 8.0908041 0.0261637 -0.9975786 0.0641263 0.0063537
1668949321.153037 1.1603730 0.3838617 7.9988346 0.0234737 -0.9977372 0.0585901 0.0231706
1668949321.652922 1.1424459 0.3752026 7.8834381 -0.0381820 0.9971865 -0.0638844 0.0089524
1668949322.152348 1.1358559 0.3701404 7.7667422 0.0216966 -0.9952199 0.0754015 0.0581492
1668949322.552936 1.1188200 0.3556572 7.6884966 0.0213917 -0.9945171 0.0449240 0.0919783
1668949322.953072 1.0958734 0.3442885 7.6164083 0.0245609 -0.9952825 0.0659759 0.0667600
1668949323.152596 1.0764198 0.3469396 7.5928044 0.0221396 -0.9908830 0.0666684 0.1149614
1668949323.352969 1.0586603 0.3488556 7.5646706 0.0262708 -0.9778790 0.0752437 0.1933935
1668949323.553003 1.0392828 0.3459665 7.5367856 0.0140632 -0.9558323 0.0651257 0.2862614
1668949323.752957 1.0199771 0.3466957 7.5119042 0.0098820 -0.9230475 0.0590205 0.3800026
1668949323.952958 0.9957881 0.3456487 7.5016270 0.0110877 -0.8934287 0.0440839 0.4468992
1668949324.253148 0.9497871 0.3453228 7.4899197 0.0102904 -0.8367011 0.0563983 0.5446507
1668949324.653165 0.8932691 0.3457035 7.4822502 0.0043127 -0.7683558 0.0333393 0.6391395
1668949325.052357 0.8292146 0.3455988 7.4619317 0.0157148 -0.7088211 0.0334034 0.7044216
1668949325.353011 0.7773886 0.3407930 7.4444795 0.0030884 -0.6932001 0.0429588 0.7194572
1668949325.952858 0.6574578 0.3438053 7.4524741 0.0012219 -0.6916638 0.0432751 0.7209209
1668949326.450407 0.5479598 0.3469485 7.4652987 -0.0067817 -0.6968659 0.0336592 0.7163792
1668949326.950325 0.4066110 0.3426396 7.4761481 -0.0256315 -0.6791310 0.0349786 0.7327350
1668949327.450458 0.2503858 0.3512428 7.4944720 -0.0172166 -0.7077179 0.0223136 0.7059328
1668949328.050379 0.0899296 0.3457682 7.4908342 -0.0120152 -0.6781329 0.0380391 0.7338558
1668949328.950197 -0.1344786 0.3514449 7.5139909 0.0012741 -0.7016714 0.0189428 0.7122477
1668949329.350234 -0.2403035 0.3461174 7.5132179 -0.0101042 -0.6747664 0.0485624 0.7363626
1668949329.850549 -0.3669353 0.3526661 7.5272160 -0.0138832 -0.6695973 0.0437974 0.7413019
1668949330.450341 -0.5156417 0.3526303 7.5308013 -0.0025816 -0.6884824 0.0402874 0.7241286
1668949331.050336 -0.6560092 0.3520946 7.5396562 -0.0148469 -0.6649323 0.0374305 0.7458174
1668949331.852701 -0.8433237 0.3495435 7.5453176 -0.0117292 -0.7155917 0.0482330 0.6967528
1668949332.252019 -0.9193835 0.3452767 7.5458593 -0.0030844 -0.7401586 0.0624617 0.6695179
1668949332.652733 -0.9881186 0.3437219 7.5511942 0.0118338 -0.8118427 0.0566863 0.5809976
1668949333.052632 -1.0322232 0.3482724 7.5309391 0.0073409 -0.8825859 0.0440651 0.4680238
1668949333.552674 -1.0653934 0.3424058 7.4711275 0.0072638 -0.9373190 0.0574667 0.3436248
1668949333.852648 -1.0731182 0.3390768 7.4345007 -0.0045929 -0.9730126 0.0506162 0.2250854
1668949334.152598 -1.0787005 0.3344631 7.3913236 0.0043894 -0.9938499 0.0536222 0.0967867
1668949334.452612 -1.0776480 0.3361762 7.3557057 -0.0300666 0.9971139 -0.0588296 0.0374035
1668949334.752601 -1.0609249 0.3383429 7.3239717 -0.0214956 0.9872023 -0.0579569 0.1470055
1668949336.052670 -0.9015918 0.3311967 7.2728949 -0.0033454 0.7872747 -0.0455831 0.6149062
1668949336.452703 -0.8438535 0.3311251 7.2663035 -0.0256706 0.7129471 -0.0365715 0.6997928
1668949337.052854 -0.7354474 0.3325910 7.2634363 -0.0102369 0.7148398 -0.0425457 0.6979177
1668949337.352726 -0.6791954 0.3309285 7.2671590 -0.0045445 0.7188547 -0.0391840 0.6940403
1668949338.150659 -0.4976935 0.3348498 7.2576585 -0.0151924 0.7037140 -0.0406565 0.7091564
1668949338.550810 -0.4054446 0.3348408 7.2651153 -0.0082646 0.7270390 -0.0290472 0.6859317
1668949339.051011 -0.2942495 0.3404662 7.2574983 -0.0103686 0.7488812 -0.0331441 0.6617938
1668949339.451095 -0.2031765 0.3324582 7.2414422 -0.0164248 0.7357086 -0.0375506 0.6760570
1668949340.050212 -0.0615878 0.3304988 7.2335238 -0.0060813 0.7572402 -0.0281170 0.6525027
1668949340.550906 0.0519052 0.3376747 7.1968646 -0.0123797 0.7937928 -0.0312144 0.6072606
1668949341.050781 0.1355290 0.3257761 7.1481848 -0.0154225 0.8390003 -0.0610152 0.5404793
1668949341.350645 0.1810641 0.3243863 7.1264081 0.0024629 0.8871631 -0.0565513 0.4579713
1668949341.650566 0.2081227 0.3218206 7.1019888 0.0088372 0.9305699 -0.0394811 0.3638720
1668949341.950483 0.2218947 0.3236975 7.0730777 0.0092653 0.9580922 -0.0288617 0.2848521
1668949342.250489 0.2351565 0.3216529 7.0279932 0.0098569 0.9770233 -0.0332656 0.2102900
1668949342.550374 0.2482183 0.3190556 6.9834819 -0.0050930 0.9855638 -0.0338800 0.1658020
1668949342.850439 0.2672772 0.3223775 6.9369149 -0.0113262 0.9908996 -0.0271582 0.1313476
1668949343.152050 0.2896947 0.3151999 6.8784151 0.0078588 0.9973710 -0.0293702 0.0657797
1668949343.352689 0.3026780 0.3122331 6.8402681 0.0203884 0.9987964 -0.0312442 0.0318384
1668949343.652564 0.3118553 0.3143733 6.7799530 0.0122750 0.9994001 -0.0233129 0.0224823
1668949343.952594 0.3144674 0.3058808 6.7108288 0.0181050 0.9983112 -0.0417949 0.0360546
1668949344.152519 0.3116833 0.2987459 6.6695728 0.0132570 0.9990465 -0.0212396 0.0357677
1668949344.352695 0.3111290 0.2940743 6.6318436 0.0307827 0.9993193 -0.0192099 0.0066757
1668949344.552823 0.3134291 0.2902592 6.5949988 0.0156653 0.9989272 -0.0430924 0.0064965
1668949344.852838 0.3227421 0.2846031 6.5373597 -0.0087561 -0.9986490 0.0512098 0.0010899
1668949345.052586 0.3223332 0.2846571 6.5016351 -0.0212589 -0.9992025 0.0336374 0.0033316
1668949345.252929 0.3175932 0.2869602 6.4631996 0.0158218 0.9993767 -0.0298081 0.0103666
1668949345.452921 0.3104284 0.2850151 6.4191990 0.0086286 0.9990084 -0.0351253 0.0259653
1668949345.752830 0.2989178 0.2817757 6.3496966 -0.0016770 0.9990665 -0.0401136 0.0159469
1668949345.952639 0.3008653 0.2825539 6.3002729 0.0011087 -0.9988624 0.0476670 0.0008246
1668949346.252904 0.3124787 0.2733702 6.2277708 -0.0013567 -0.9980325 0.0626792 0.0008721
1668949346.452831 0.3136414 0.2727118 6.1794996 -0.0027805 -0.9987194 0.0501158 0.0063531
1668949346.753291 0.3050160 0.2781683 6.1019621 0.0253933 -0.9980831 0.0560925 0.0062488
1668949346.952840 0.2980955 0.2710204 6.0501442 -0.0385025 0.9972433 -0.0633155 0.0038104
1668949347.252748 0.2941788 0.2697713 5.9756393 -0.0339428 0.9974502 -0.0623270 0.0075083
1668949347.552837 0.2950364 0.2631601 5.9008436 0.0153257 -0.9977876 0.0576275 0.0293980
1668949347.852807 0.2922397 0.2590975 5.8264766 0.0186896 -0.9973339 0.0665648 0.0233478
1668949348.152122 0.2786767 0.2552398 5.7477813 -0.0239143 0.9970542 -0.0727875 0.0036405
1668949348.352634 0.2770099 0.2500291 5.6972938 -0.0221693 0.9978320 -0.0572929 0.0236104
1668949348.652193 0.2743965 0.2487798 5.6227179 -0.0184314 0.9976864 -0.0650609 0.0069972
1668949348.952628 0.2720383 0.2396483 5.5422554 0.0109295 -0.9972655 0.0658694 0.0316771
1668949349.252748 0.2620733 0.2412449 5.4632235 0.0079994 -0.9980603 0.0526064 0.0323148
1668949349.552827 0.2535227 0.2306387 5.3805404 0.0137260 -0.9978877 0.0632685 0.0053770
1668949349.852208 0.2470372 0.2291727 5.3000712 -0.0226927 0.9977595 -0.0628675 0.0029617
1668949350.150950 0.2459054 0.2172387 5.2202396 0.0134619 -0.9975150 0.0629019 0.0287423
1668949350.450537 0.2395057 0.2136013 5.1400075 0.0007300 -0.9980810 0.0508192 0.0353747
1668949350.750552 0.2304490 0.2083064 5.0462241 0.0209638 -0.9976438 0.0634689 0.0154666
1668949351.050517 0.2259904 0.2062072 4.9686656 0.0233184 -0.9978988 0.0595119 0.0106215
1668949351.350425 0.2254521 0.1996929 4.8873911 0.0067415 -0.9982777 0.0531250 0.0239594
1668949351.650394 0.2167884 0.2006012 4.8072276 0.0077656 -0.9982167 0.0519399 0.0283754
1668949351.950584 0.2025135 0.1950998 4.7226553 0.0077646 -0.9984947 0.0540319 0.0053610
1668949352.250529 0.2035255 0.1902585 4.6405830 -0.0329193 0.9972312 -0.0590350 0.0310023
1668949352.550411 0.2075008 0.1831329 4.5557766 0.0018420 0.9986131 -0.0511197 0.0124698
1668949352.850290 0.2031903 0.1831130 4.4725709 0.0105739 0.9987543 -0.0486346 0.0036001
1668949353.150638 0.1954409 0.1783303 4.3814549 -0.0020678 0.9985420 -0.0436184 0.0317381
1668949353.450428 0.1954403 0.1747171 4.2978454 -0.0122065 0.9970756 -0.0440802 0.0612237
1668949353.750275 0.1959365 0.1688697 4.2116346 0.0038358 0.9987245 -0.0492118 0.0106291
1668949354.250616 0.1743574 0.1638099 4.0630436 -0.0013409 -0.9984437 0.0516745 0.0209349
1668949354.650555 0.1681648 0.1566792 3.9494309 0.0177519 -0.9982572 0.0560047 0.0055679
1668949355.052131 0.1694171 0.1454601 3.8265550 0.0117649 -0.9980832 0.0532341 0.0292832
1668949355.452740 0.1574442 0.1447804 3.7040293 -0.0006423 -0.9988312 0.0480099 0.0055612
1668949355.752550 0.1563980 0.1344066 3.6148636 -0.0063355 0.9981372 -0.0573083 0.0199441
1668949356.152710 0.1631881 0.1299440 3.4957662 0.0198061 0.9991277 -0.0367330 0.0015196
1668949356.552504 0.1527421 0.1280721 3.3715794 0.0121492 0.9985813 -0.0505265 0.0116185
1668949356.952010 0.1452800 0.1165387 3.2528503 0.0010516 0.9985685 -0.0460315 0.0272209
1668949357.257291 0.1481542 0.1134581 3.1547914 -0.0263152 -0.9988922 0.0383538 0.0071384
1668949357.753012 0.1316846 0.1075639 3.0084267 0.0187427 0.9984531 -0.0486201 0.0193957
1668949358.153222 0.1223079 0.0940771 2.8850760 0.0259171 0.9975585 -0.0631713 0.0146541
1668949358.552650 0.1214875 0.0836503 2.7695441 -0.0267627 -0.9978443 0.0571053 0.0181578
1668949359.052496 0.1109637 0.0872155 2.6215749 0.0056937 -0.9989302 0.0452820 0.0074654
1668949359.552547 0.1055142 0.0848378 2.4795287 -0.0115122 -0.9995821 0.0241431 0.0109705
1668949359.952494 0.0927259 0.0791400 2.3671627 -0.0199003 -0.9983492 0.0453693 0.0290616
1668949360.352482 0.0741768 0.0671405 2.2517140 0.0013263 -0.9995175 0.0273294 0.0146946
1668949360.750342 0.0679545 0.0610715 2.1355717 -0.0135994 -0.9992238 0.0357842 0.0092985
1668949361.050420 0.0635254 0.0553470 2.0526490 -0.0232567 -0.9990077 0.0309281 0.0220452
1668949361.450413 0.0496846 0.0474638 1.9325556 0.0093284 0.9981902 -0.0589401 0.0074559
1668949361.850419 0.0486012 0.0460026 1.8179739 0.0125332 0.9988579 -0.0423990 0.0181184
1668949362.050212 0.0476208 0.0388375 1.7633108 0.0249224 0.9990438 -0.0355377 0.0052165
1668949362.450453 0.0375291 0.0346680 1.6473050 -0.0192817 -0.9979796 0.0582510 0.0164867
1668949362.750523 0.0305625 0.0266200 1.5585711 0.0034102 0.9992998 -0.0372552 0.0007269
1668949363.050509 0.0318650 0.0269367 1.4729668 0.0052427 0.9988512 -0.0459397 0.0125841
1668949363.250295 0.0324275 0.0199134 1.4200307 0.0129372 0.9989235 -0.0375353 0.0239953
1668949363.450495 0.0298647 0.0177537 1.3659366 0.0094489 0.9992384 -0.0328149 0.0188871
1668949363.750303 0.0222287 0.0130455 1.2878726 -0.0072604 0.9976368 -0.0463195 0.0502273
1668949364.050286 0.0200385 0.0036517 1.2138497 -0.0203107 0.9946217 -0.0452096 0.0909456
1668949364.250486 0.0201017 0.0057757 1.1668137 -0.0179498 0.9952070 -0.0536721 0.0797521
1668949364.450274 0.0194232 0.0012518 1.1208377 0.0095267 0.9981043 -0.0342415 0.0502469
1668949364.650563 0.0147738 -0.0017767 1.0766401 0.0105942 0.9990972 -0.0385795 0.0142891
1668949364.950125 0.0070493 -0.0022938 1.0086613 -0.0034245 0.9984953 -0.0507677 0.0204505
1668949365.250331 0.0037338 -0.0092910 0.9495482 -0.0092851 0.9978682 -0.0382932 0.0520251
1668949365.450572 0.0059523 -0.0062713 0.9142878 -0.0033942 0.9980668 -0.0403669 0.0471352
1668949365.652627 0.0071812 -0.0051170 0.8798474 0.0043816 0.9995919 -0.0282039 0.0011061
1668949365.852546 0.0107937 -0.0051784 0.8488511 -0.0128677 -0.9993028 0.0299407 0.0182220
1668949366.052536 0.0152861 -0.0021588 0.8220320 -0.0088833 -0.9994963 0.0298522 0.0060955
1668949366.252664 0.0163299 -0.0001808 0.7964870 -0.0224223 -0.9994788 0.0228338 0.0042538
1668949366.452619 0.0199571 -0.0050861 0.7714863 0.0176697 0.9988070 -0.0455241 0.0002824
1668949366.652617 0.0277158 -0.0060692 0.7553850 -0.0016687 -0.9992318 0.0387913 0.0053375
1668949366.852597 0.0398593 -0.0064569 0.7425560 -0.0095652 -0.9979016 0.0362094 0.0528207
1668949367.052670 0.0510916 -0.0093999 0.7362818 -0.0263393 -0.9940163 0.0475581 0.0947424
1668949367.452344 0.0639783 -0.0137351 0.7317712 -0.0119096 -0.9889480 0.0637091 0.1333461
