1403636579.763556 0.0000000 0.0000000 0.0000000 -0.0000000 -0.0000000 -0.0000000 1.0000000
1403636579.863555 0.0000738 0.0059562 0.0024003 -0.0009331 0.0049566 -0.0022047 0.9999849
1403636579.963556 -0.0000672 0.0139789 0.0049056 -0.0123203 0.0059585 -0.0028534 0.9999022
1403636580.263556 -0.0007432 0.0396762 0.0120589 -0.0306582 0.0047404 0.0023974 0.9995159
1403636580.413555 -0.0011281 0.0491873 0.0137214 -0.0475760 0.0038192 -0.0019706 0.9988585
1403636580.563555 -0.0014978 0.0523416 0.0138261 -0.0714395 0.0017630 -0.0012055 0.9974427
1403636581.063555 -0.0030477 -0.0013437 0.0014610 -0.0201559 0.0193918 -0.0188316 0.9994314
1403636581.263556 -0.0031579 -0.0204133 -0.0032709 0.0115421 0.0207987 -0.0103161 0.9996639
1403636581.513556 -0.0022889 -0.0199440 -0.0042703 0.0180051 0.0257823 -0.0191478 0.9993221
1403636586.613555 0.0022727 0.0191536 -0.0078257 -0.2058164 0.0411159 0.0130655 0.9776393
1403636586.763556 0.0045261 0.0180253 -0.0082666 -0.2003504 0.0380946 0.0146295 0.9788741
1403636587.213556 0.0083093 0.0167323 -0.0047210 -0.1935588 0.0247650 0.0030357 0.9807714
1403636587.663555 0.0282294 0.0148378 -0.0002216 -0.1963624 0.0346884 0.0168047 0.9797736
1403636587.963556 0.0476129 0.0134854 0.0020263 -0.1904384 0.0561867 0.0279339 0.9796917
1403636588.163555 0.0573769 0.0147188 0.0029996 -0.2058988 0.0669016 0.0306475 0.9758026
1403636588.313555 0.0610061 0.0154957 0.0034466 -0.2035054 0.0646486 0.0318434 0.9764181
1403636588.413555 0.0615639 0.0157444 0.0034956 -0.2004642 0.0621772 0.0335150 0.9771515
1403636588.563555 0.0596664 0.0157651 0.0029709 -0.2003481 0.0649882 0.0322437 0.9770350
1403636588.713556 0.0543710 0.0153514 0.0016823 -0.1997769 0.0619931 0.0326711 0.9773324
1403636589.013556 0.0361890 0.0159431 -0.0009802 -0.2006335 0.0465578 0.0285499 0.9781429
1403636589.513556 -0.0048708 0.0157521 -0.0059359 -0.1968817 0.0232580 0.0139062 0.9800528
1403636589.713556 -0.0214901 0.0169999 -0.0072238 -0.1926368 0.0170868 0.0104806 0.9810655
1403636589.913555 -0.0359069 0.0191817 -0.0083444 -0.2010413 0.0013950 0.0078760 0.9795502
1403636590.063555 -0.0436542 0.0203259 -0.0088013 -0.2000588 -0.0109263 0.0081380 0.9796892
1403636590.213556 -0.0472875 0.0202557 -0.0094439 -0.1911512 -0.0182226 0.0074909 0.9813629
1403636590.413555 -0.0443537 0.0197581 -0.0103224 -0.1932892 -0.0125760 0.0043299 0.9810517
1403636590.563555 -0.0368543 0.0190303 -0.0110224 -0.1898448 -0.0019430 0.0022678 0.9818096
1403636590.713556 -0.0266904 0.0181298 -0.0114141 -0.1878923 0.0074113 0.0022957 0.9821589
1403636590.863555 -0.0151913 0.0178668 -0.0109639 -0.1950478 0.0130797 0.0071805 0.9806803
1403636591.413555 0.0248792 0.0183722 -0.0058729 -0.2023014 0.0228432 0.0174511 0.9789014
1403636591.613555 0.0316882 0.0201621 -0.0025797 -0.1913742 0.0413231 0.0205145 0.9804323
1403636591.813555 0.0347950 0.0204212 0.0009789 -0.1511096 0.0658097 0.0181852 0.9861562
1403636592.013556 0.0373518 0.0192505 0.0039843 -0.1397387 0.0837397 0.0266001 0.9862826
1403636592.213556 0.0421423 0.0175329 0.0102483 -0.1558165 0.1022162 0.0411547 0.9816208
1403636592.463556 0.0446333 0.0138730 0.0216977 -0.1709705 0.0922045 0.0459902 0.9798735
1403636593.563555 -0.0290835 0.0214949 0.0053249 -0.1814482 -0.1026474 -0.0063618 0.9780080
1403636593.763556 -0.0240718 0.0280790 -0.0082246 -0.1980089 -0.0658387 0.0141644 0.9778841
1403636593.913555 -0.0137780 0.0315778 -0.0159260 -0.1915337 -0.0112744 0.0362900 0.9807501
1403636594.063555 0.0002791 0.0326756 -0.0205759 -0.1756504 0.0488258 0.0558350 0.9816545
1403636594.313555 0.0256846 0.0307301 -0.0161646 -0.1760214 0.1202901 0.0740470 0.9741990
1403636597.213556 0.0053710 0.0336036 -0.0128638 -0.1749636 0.0505577 -0.0002780 0.9832760
1403636598.313555 -0.0047199 0.0348225 -0.0026796 -0.1829167 -0.0676883 -0.0538087 0.9793183
1403636598.513556 -0.0007327 0.0400898 -0.0017687 -0.1863656 -0.0553037 -0.0589650 0.9791489
1403636598.713556 0.0029817 0.0412033 0.0095488 -0.1562437 -0.0719422 -0.0579363 0.9833899
1403636598.913555 0.0059236 0.0442833 0.0229344 -0.1111546 -0.0913955 -0.0509336 0.9882800
1403636599.113555 0.0077760 0.0486901 0.0328174 -0.0758731 -0.0980951 -0.0457175 0.9912269
1403636599.363555 0.0083961 0.0506050 0.0399952 -0.0087254 -0.1024134 -0.0336851 0.9941331
1403636599.663555 0.0090229 0.0541608 0.0451515 -0.0104252 -0.0826346 -0.0327630 0.9959866
1403636600.013556 0.0099511 0.0548570 0.0453582 0.0148974 -0.0831000 -0.0246833 0.9961241
1403636613.013556 0.0103089 0.0549848 0.0452509 0.0184004 -0.0855103 -0.0182208 0.9960006
1403636619.563555 0.0102895 0.0549939 0.0452762 0.0184720 -0.0855284 -0.0181211 0.9959997
1403636624.463556 0.0115356 0.0551756 0.0446228 0.0015965 -0.0770769 -0.0190554 0.9968418
1403636624.563555 0.0127098 0.0554133 0.0438954 -0.0058425 -0.0727990 -0.0201366 0.9971263
1403636624.713556 0.0154324 0.0560109 0.0425714 -0.0043959 -0.0684102 -0.0280951 0.9972520
1403636624.863555 0.0194162 0.0567420 0.0399900 -0.0079917 -0.0634870 -0.0451476 0.9969289
1403636625.013556 0.0235070 0.0553324 0.0357366 -0.0264240 -0.0568483 -0.0665300 0.9958131
1403636625.313555 0.0262949 0.0436842 0.0271787 -0.0316086 -0.0627165 -0.0561254 0.9959505
1403636625.513556 0.0263668 0.0435229 0.0269202 -0.0356134 -0.0653826 -0.0556101 0.9956729
1403636625.663555 0.0257730 0.0437366 0.0287086 -0.0350999 -0.0664736 -0.0578730 0.9954899
1403636626.913555 0.0244545 -0.0040356 0.0325640 -0.0012019 -0.0815353 -0.0522788 0.9952977
1403636627.163555 0.0291715 0.0009047 0.0304905 -0.0180068 -0.0811413 -0.0549341 0.9950247
1403636627.413555 0.0330099 -0.0043282 0.0262476 -0.0063966 -0.0831921 -0.0516205 0.9951752
1403636627.663555 0.0372927 -0.0108898 0.0210530 -0.0120332 -0.0702873 -0.0440968 0.9964790
1403636628.913555 0.0709347 -0.0310592 0.0308072 -0.0202019 -0.0098593 -0.0231380 0.9994796
1403636629.413555 0.0962961 -0.0425970 0.0415982 -0.0177007 0.0272964 -0.0068291 0.9994474
1403636629.613555 0.1076702 -0.0427088 0.0495766 -0.0150778 0.0508546 0.0103047 0.9985391
1403636629.863555 0.1261574 -0.0381472 0.0622558 -0.0360042 0.1037003 0.0215912 0.9937223
1403636630.263556 0.1587912 -0.0406747 0.0881412 -0.0111550 0.1533892 0.0332344 0.9875439
1403636630.663555 0.1914574 -0.0584612 0.1087338 -0.0178798 0.1562582 0.0219219 0.9873111
1403636631.213556 0.2298878 -0.0758872 0.1457815 -0.0120487 0.1433657 0.0268482 0.9892322
1403636631.413555 0.2432550 -0.0780483 0.1625088 -0.0107006 0.1421914 0.0254761 0.9894535
1403636632.463556 0.2991948 -0.0911976 0.2384094 -0.0132384 0.1431425 0.0165492 0.9894753
1403636633.113555 0.3200738 -0.0961692 0.2903586 -0.0187591 0.0457239 -0.0165901 0.9986402
1403636633.363555 0.3280383 -0.1012916 0.3130868 -0.0229910 0.0266054 -0.0189344 0.9992023
1403636633.863555 0.3440644 -0.1075983 0.3674919 -0.0318859 0.0312142 -0.0063468 0.9989839
1403636634.563555 0.3801917 -0.1407106 0.4517917 -0.0084555 0.0325163 -0.0150749 0.9993218
1403636634.813555 0.3939102 -0.1491305 0.4831178 -0.0103064 0.0171894 -0.0253011 0.9994790
1403636635.013556 0.4031523 -0.1585571 0.5052419 -0.0170905 0.0050366 -0.0305154 0.9993755
1403636635.263556 0.4132101 -0.1692467 0.5339828 -0.0233197 -0.0041864 -0.0323004 0.9991974
1403636635.563555 0.4240344 -0.1800304 0.5710222 -0.0278700 -0.0109519 -0.0195413 0.9993604
1403636635.813555 0.4338400 -0.1987349 0.6021890 -0.0180893 -0.0114509 -0.0105489 0.9997152
1403636636.113555 0.4498867 -0.2266495 0.6375442 -0.0322375 -0.0072991 -0.0138133 0.9993582
1403636636.363555 0.4663168 -0.2529532 0.6698968 -0.0068072 -0.0020874 -0.0293667 0.9995434
1403636636.613555 0.4824279 -0.2759097 0.6986566 0.0141687 0.0013449 -0.0405693 0.9990753
1403636636.913555 0.4972197 -0.2888822 0.7285537 0.0083688 0.0066112 -0.0605696 0.9981071
1403636637.163555 0.5009521 -0.2913710 0.7509859 -0.0047426 -0.0057472 -0.0352116 0.9993522
1403636637.463556 0.5037817 -0.2941594 0.7748257 -0.0195523 -0.0095041 -0.0345172 0.9991677
1403636637.713556 0.5038791 -0.3055354 0.7927479 -0.0220344 -0.0127511 -0.0327596 0.9991390
1403636637.963556 0.5036951 -0.3242838 0.8102897 -0.0123897 -0.0147151 -0.0338148 0.9992430
1403636638.213556 0.5036299 -0.3324494 0.8305427 -0.0045854 -0.0165187 -0.0330173 0.9993078
1403636638.513556 0.5042915 -0.3309321 0.8557786 -0.0414721 -0.0236542 -0.0140203 0.9987613
1403636638.763556 0.5083542 -0.3343484 0.8808485 -0.0386457 -0.0202106 -0.0268711 0.9986872
1403636639.063555 0.5145275 -0.3529422 0.9123398 -0.0223393 -0.0263975 -0.0132183 0.9993145
1403636640.413555 0.5802903 -0.3840160 1.0781124 -0.0025432 -0.0494379 -0.0474297 0.9976472
1403636640.663555 0.5905507 -0.3897246 1.1003505 -0.0029949 -0.0567248 -0.0508022 0.9970921
1403636640.863555 0.5969549 -0.3918228 1.1172436 -0.0079193 -0.0586940 -0.0517966 0.9969000
1403636641.763556 0.6227728 -0.3997058 1.1786233 -0.0056388 -0.0550555 -0.0467092 0.9973743
1403636641.963556 0.6287673 -0.4055454 1.1878434 -0.0029812 -0.0510575 -0.0449563 0.9976788
1403636643.263556 0.6621577 -0.4192434 1.2266362 -0.0097159 0.0005990 -0.0199790 0.9997531
1403636643.513556 0.6694268 -0.4216912 1.2356541 -0.0222253 -0.0011422 -0.0201562 0.9995492
1403636643.763556 0.6782592 -0.4299878 1.2429295 -0.0361007 -0.0032547 -0.0238677 0.9990578
1403636644.063555 0.6886945 -0.4445326 1.2607036 -0.0478094 -0.0033134 -0.0280308 0.9984577
1403636644.363555 0.6985973 -0.4537869 1.2893473 -0.0192170 -0.0093150 -0.0074855 0.9997440
1403636645.313555 0.7634658 -0.4361552 1.3919063 -0.0592079 0.0029960 -0.0236069 0.9979621
1403636645.513556 0.7763164 -0.4427749 1.4181215 -0.0427391 0.0047513 -0.0246755 0.9987701
1403636645.663555 0.7866100 -0.4462444 1.4402903 -0.0378212 0.0056511 -0.0261249 0.9989271
1403636645.813555 0.7966546 -0.4510550 1.4633172 -0.0350046 0.0048039 -0.0246440 0.9990718
1403636646.213556 0.8233444 -0.4835172 1.5278962 -0.0138242 0.0342208 0.0051807 0.9993053
1403636646.413555 0.8404613 -0.4981852 1.5602810 0.0019714 0.0841423 0.0301045 0.9959970
1403636646.913555 0.8867416 -0.5375696 1.6225121 0.0075780 0.1547256 0.0327165 0.9873865
1403636647.213556 0.9134220 -0.5591450 1.6476892 -0.0075234 0.1565823 0.0321786 0.9871120
1403636647.463556 0.9341952 -0.5697343 1.6690247 0.0000379 0.1506936 0.0357050 0.9879356
1403636647.763556 0.9612902 -0.5794414 1.6902449 0.0112086 0.1486882 0.0389806 0.9880520
1403636648.063555 0.9914743 -0.5852008 1.7038981 0.0068241 0.1812897 0.0450734 0.9823726
1403636648.363555 1.0222527 -0.5803747 1.7158071 0.0076649 0.2549344 0.0706123 0.9643463
1403636648.713556 1.0584583 -0.5696849 1.7223852 0.0024999 0.3315127 0.0956516 0.9385862
1403636649.163555 1.0996375 -0.5756562 1.7199636 -0.0096013 0.3498087 0.0996680 0.9314547
1403636649.413555 1.1214093 -0.5922372 1.7184954 -0.0007578 0.3468924 0.0923641 0.9333456
1403636650.063555 1.1701434 -0.6297924 1.6954159 0.0153352 0.3658798 0.0953027 0.9256426
1403636650.613555 1.1999924 -0.6219908 1.6758113 -0.0005624 0.4669127 0.1386144 0.8733718
1403636651.213556 1.2193468 -0.6112931 1.6457653 0.0089499 0.4986950 0.1408215 0.8552150
1403636651.463556 1.2211740 -0.6155337 1.6285999 -0.0013817 0.4907408 0.1438846 0.8593422
1403636651.763556 1.2231069 -0.6124555 1.6104348 0.0140054 0.4854216 0.1406220 0.8627835
1403636652.063555 1.2228723 -0.5993696 1.5879002 0.0260584 0.5201963 0.1628775 0.8379663
1403636652.263556 1.2209318 -0.5849519 1.5702808 0.0090268 0.5751020 0.1783646 0.7983496
1403636652.713556 1.2156008 -0.5555077 1.5294752 -0.0236259 0.6467395 0.2274390 0.7276270
1403636652.913555 1.2186437 -0.5512328 1.5100995 -0.0227861 0.6523840 0.2278359 0.7224726
1403636653.013556 1.2213695 -0.5509015 1.4996351 -0.0202756 0.6533670 0.2233880 0.7230479
1403636653.213556 1.2288296 -0.5444456 1.4818906 -0.0096069 0.6537578 0.2086818 0.7272966
1403636653.763556 1.2465467 -0.5388620 1.4375570 0.0064012 0.6444039 0.1870591 0.7414252
1403636653.863555 1.2484416 -0.5379471 1.4302413 0.0077958 0.6444356 0.1838892 0.7421771
1403636653.963556 1.2495097 -0.5349327 1.4238487 0.0081481 0.6434801 0.1855446 0.7425901
1403636654.413555 1.2471229 -0.5200270 1.3930169 0.0057998 0.6668324 0.2015376 0.7174145
1403636654.513556 1.2446307 -0.5190874 1.3850014 0.0031384 0.6801327 0.2068373 0.7032979
1403636655.013556 1.2319376 -0.5145390 1.3499051 0.0022405 0.7198017 0.2238278 0.6571009
1403636655.363555 1.2208111 -0.5012140 1.3314368 0.0202747 0.7309976 0.2173540 0.6465204
1403636655.513556 1.2122384 -0.4970469 1.3240697 0.0230106 0.7401127 0.2212376 0.6346319
1403636655.663555 1.2023245 -0.4917902 1.3149850 0.0142812 0.7481920 0.2404865 0.6181998
1403636655.813555 1.1911998 -0.4835338 1.3079703 0.0091289 0.7567546 0.2564057 0.6012448
1403636656.063555 1.1735166 -0.4646904 1.2952551 0.0122909 0.7811849 0.2704591 0.5625399
1403636656.213556 1.1630127 -0.4562037 1.2835654 0.0059359 0.7905536 0.2724282 0.5484273
1403636656.313555 1.1562051 -0.4534405 1.2756132 0.0027019 0.7934925 0.2745111 0.5431446
1403636656.513556 1.1434116 -0.4519288 1.2566999 -0.0000173 0.7945765 0.2761315 0.5407400
1403636656.613555 1.1382197 -0.4525981 1.2463115 -0.0004935 0.7950798 0.2726485 0.5417663
1403636656.663555 1.1355937 -0.4517184 1.2419348 0.0021730 0.7961457 0.2679517 0.5425394
1403636656.913555 1.1227787 -0.4466349 1.2172384 0.0145986 0.8005275 0.2427080 0.5477549
1403636657.013556 1.1165432 -0.4431857 1.2094711 0.0181838 0.7997529 0.2405228 0.5497396
1403636657.113555 1.1102568 -0.4379894 1.2024225 0.0224065 0.7985224 0.2406291 0.5513237
1403636657.213556 1.1027517 -0.4334593 1.1958822 0.0264122 0.7968699 0.2434764 0.5522861
1403636657.313555 1.0935153 -0.4294445 1.1884532 0.0248845 0.7947046 0.2490398 0.5529962
1403636657.613555 1.0647128 -0.4165071 1.1652060 0.0165291 0.7875312 0.2724546 0.5525305
1403636657.763556 1.0497030 -0.4070902 1.1523269 0.0179014 0.7884263 0.2728557 0.5510110
1403636657.913555 1.0350611 -0.3958082 1.1389092 0.0229071 0.7880089 0.2825786 0.5465041
1403636658.113555 1.0149083 -0.3832097 1.1174440 0.0143984 0.7910902 0.2825955 0.5423180
1403636658.263556 1.0008361 -0.3759137 1.0963254 0.0021239 0.7953767 0.2751307 0.5400690
1403636658.363555 0.9916761 -0.3708527 1.0838702 -0.0033603 0.7971722 0.2733960 0.5382935
1403636658.513556 0.9799659 -0.3612719 1.0637789 -0.0115715 0.7988386 0.2711861 0.5368251
1403636658.613555 0.9719709 -0.3544301 1.0507243 -0.0183561 0.8004816 0.2664518 0.5365592
1403636658.713556 0.9657053 -0.3470868 1.0393808 -0.0206737 0.8022256 0.2627966 0.5356722
1403636658.813555 0.9600018 -0.3404478 1.0283149 -0.0233955 0.8050413 0.2556801 0.5347793
1403636658.913555 0.9547582 -0.3331757 1.0180869 -0.0193088 0.8070552 0.2499916 0.5345964
1403636659.063555 0.9480735 -0.3209445 1.0043575 -0.0041997 0.8077602 0.2472909 0.5351196
1403636659.363555 0.9337233 -0.2974799 0.9830820 -0.0002446 0.8065427 0.2499593 0.5357324
1403636659.463556 0.9276277 -0.2909210 0.9770391 -0.0069404 0.8041105 0.2563515 0.5363228
1403636659.563555 0.9221184 -0.2864581 0.9716629 -0.0082507 0.8039319 0.2580352 0.5357643
1403636659.663555 0.9171495 -0.2812835 0.9653470 -0.0074445 0.8053367 0.2544852 0.5353642
1403636659.913555 0.9057412 -0.2658410 0.9556796 -0.0057280 0.8080702 0.2526881 0.5321077
1403636660.013556 0.9008012 -0.2587115 0.9531417 -0.0111844 0.8067449 0.2595651 0.5307199
1403636660.313555 0.8890965 -0.2339184 0.9497116 -0.0229361 0.8028643 0.2749677 0.5284654
1403636660.463556 0.8876354 -0.2250296 0.9473959 -0.0335231 0.7980441 0.2888672 0.5277857
1403636660.563555 0.8886673 -0.2199040 0.9457025 -0.0328980 0.7994751 0.2848076 0.5278655
1403636660.663555 0.8906138 -0.2140488 0.9444126 -0.0259937 0.8044533 0.2701382 0.5283981
1403636660.963556 0.9008912 -0.1929914 0.9452678 -0.0224787 0.8146498 0.2368967 0.5288860
1403636661.163555 0.9091375 -0.1781160 0.9524869 -0.0087595 0.8129823 0.2417417 0.5296641
1403636661.563555 0.9204382 -0.1585973 0.9739295 0.0002973 0.8108302 0.2467952 0.5307037
1403636661.713556 0.9229299 -0.1578277 0.9822449 0.0032468 0.8096205 0.2485212 0.5317344
1403636662.013556 0.9246390 -0.1650620 0.9973623 0.0192096 0.8068898 0.2520647 0.5338757
1403636662.213556 0.9219490 -0.1730778 1.0055726 0.0100125 0.8082297 0.2486652 0.5336948
1403636662.363555 0.9177545 -0.1762227 1.0128998 -0.0034305 0.8099186 0.2461282 0.5323918
1403636662.513556 0.9140428 -0.1780464 1.0223645 -0.0135267 0.8077915 0.2558592 0.5308729
1403636662.713556 0.9105748 -0.1793424 1.0362614 0.0043933 0.8025708 0.2743828 0.5296933
1403636662.913555 0.9072094 -0.1765204 1.0492085 0.0133386 0.8004328 0.2822449 0.5286467
1403636663.113555 0.9042504 -0.1715050 1.0587271 0.0160874 0.7950826 0.2984902 0.5277202
1403636663.413555 0.9022452 -0.1628118 1.0636637 -0.0247344 0.8008863 0.2856984 0.5256860
1403636663.713556 0.9110904 -0.1466710 1.0672699 -0.0468638 0.8001689 0.2855879 0.5253316
1403636663.863555 0.9215373 -0.1401483 1.0691109 -0.0563244 0.8047130 0.2678193 0.5268182
1403636664.013556 0.9369587 -0.1374287 1.0718939 -0.0563341 0.8101122 0.2457042 0.5293148
1403636664.113555 0.9480546 -0.1385196 1.0757282 -0.0488375 0.8108007 0.2399427 0.5316434
1403636664.313555 0.9740509 -0.1423729 1.0859476 -0.0221496 0.8086544 0.2367114 0.5381035
1403636664.513556 0.9998759 -0.1393769 1.1037507 -0.0099389 0.8050722 0.2349554 0.5445696
1403636664.663555 1.0185227 -0.1379043 1.1191247 0.0019378 0.7999824 0.2390785 0.5503327
1403636664.913555 1.0465764 -0.1389372 1.1444551 -0.0030732 0.7936117 0.2415450 0.5584148
1403636665.163555 1.0712523 -0.1481107 1.1699605 -0.0114489 0.7847579 0.2575846 0.5636260
1403636665.413555 1.0965618 -0.1629397 1.1936469 0.0055180 0.7838765 0.2569143 0.5652454
1403636665.613555 1.1159455 -0.1737065 1.2107651 -0.0156376 0.7880720 0.2488451 0.5628270
1403636665.913555 1.1452253 -0.1937130 1.2390637 0.0024004 0.7921521 0.2453666 0.5588243
1403636666.363555 1.1836171 -0.2155518 1.2847660 0.0169227 0.7922775 0.2478303 0.5573062
1403636667.163555 1.2277957 -0.2459274 1.3504694 0.0051571 0.7787170 0.2696253 0.5664588
1403636667.413555 1.2435727 -0.2488009 1.3659506 -0.0024248 0.7874902 0.2415305 0.5670242
1403636667.613555 1.2550775 -0.2485732 1.3804997 -0.0073033 0.7802987 0.2605531 0.5685006
1403636668.063555 1.2831653 -0.2577810 1.4077919 -0.0004377 0.7791749 0.2685687 0.5663543
1403636668.363555 1.3052994 -0.2560987 1.4240112 -0.0146632 0.7853864 0.2643096 0.5595478
1403636668.613555 1.3259412 -0.2499051 1.4386843 -0.0133683 0.7900417 0.2606280 0.5547329
1403636668.813555 1.3440325 -0.2446689 1.4517770 -0.0218548 0.7962926 0.2484035 0.5511226
1403636668.963556 1.3572875 -0.2443281 1.4623606 -0.0233172 0.8006792 0.2356260 0.5503175
1403636669.163555 1.3759834 -0.2504168 1.4806967 -0.0033966 0.7998788 0.2406607 0.5497863
1403636669.363555 1.3934838 -0.2557242 1.5001408 -0.0009110 0.8003902 0.2415352 0.5486671
1403636669.613555 1.4126905 -0.2583352 1.5297347 0.0086125 0.8039517 0.2284573 0.5489944
1403636669.763556 1.4222431 -0.2619852 1.5489804 0.0171793 0.8058884 0.2190229 0.5497981
1403636669.963556 1.4277346 -0.2710993 1.5756679 0.0518603 0.7910274 0.2546630 0.5538347
1403636670.113555 1.4271584 -0.2785745 1.5923791 0.0580156 0.7831944 0.2720094 0.5561040
1403636670.313555 1.4215416 -0.2891699 1.6075835 0.0885763 0.7727125 0.2739480 0.5657050
1403636670.463556 1.4130445 -0.2914926 1.6167907 0.0972565 0.7602924 0.2799138 0.5780528
1403636670.663555 1.3911180 -0.2970570 1.6143135 0.0970335 0.7356003 0.2806807 0.6088473
1403636671.113555 1.3194228 -0.2993757 1.5607567 0.1099796 0.6510413 0.2553709 0.7062828
1403636671.913555 1.1576440 -0.2673256 1.3418179 -0.0603228 0.5688627 0.2114296 0.7924984
1403636672.213556 1.1261716 -0.2642662 1.2700496 -0.0923294 0.5786468 0.1934546 0.7869045
1403636672.563555 1.1202722 -0.2690338 1.2135882 -0.0548143 0.5964580 0.1515482 0.7862991
1403636673.013556 1.1168363 -0.2448740 1.1863780 -0.0278202 0.5687795 0.1677458 0.8047220
1403636673.363555 1.1172640 -0.2398345 1.1775837 -0.0645040 0.5292052 0.1696835 0.8288478
1403636674.063555 1.1528974 -0.2506890 1.2065370 -0.0282531 0.5250008 0.1406628 0.8389219
1403636675.363555 1.2332699 -0.2413955 1.3309629 -0.0523366 0.4768270 0.1426796 0.8657596
1403636676.163555 1.3101245 -0.2615008 1.4399395 -0.0057388 0.3685516 0.1123087 0.9227804
1403636676.463556 1.3311791 -0.2586215 1.4836761 -0.0325138 0.3159657 0.0489402 0.9469495
1403636676.713556 1.3435642 -0.2659438 1.5209174 -0.0227859 0.2633313 0.0551601 0.9628577
1403636677.113555 1.3613358 -0.2866606 1.5830530 -0.0154036 0.2386914 0.0549654 0.9694164
1403636678.013556 1.3741789 -0.3116575 1.6973013 -0.0088014 0.1008345 0.0368090 0.9941832
1403636678.263556 1.3780310 -0.3196495 1.7161628 -0.0110893 0.0634671 -0.0007348 0.9979221
1403636678.713556 1.3874438 -0.3379755 1.7447643 -0.0120352 -0.0186639 -0.0415423 0.9988900
1403636679.163555 1.3862321 -0.3473991 1.7701117 -0.0066365 -0.1109121 -0.0984981 0.9889149
1403636679.363555 1.3783787 -0.3471055 1.7792904 0.0011162 -0.1694810 -0.0853567 0.9818296
1403636679.563555 1.3706259 -0.3497759 1.7839875 -0.0018003 -0.2169550 -0.0952299 0.9715239
1403636679.763556 1.3661520 -0.3568198 1.7860389 -0.0071998 -0.2422591 -0.1058553 0.9643927
1403636680.163555 1.3579984 -0.3815877 1.7799168 0.0193505 -0.2369877 -0.1436766 0.9606348
1403636680.363555 1.3524787 -0.3908071 1.7700846 0.0231397 -0.2306901 -0.1508714 0.9609809
1403636680.563555 1.3431299 -0.3934715 1.7569821 0.0136805 -0.2216686 -0.1596037 0.9618745
1403636680.763556 1.3289394 -0.3915020 1.7395729 0.0038495 -0.2242096 -0.1406189 0.9643348
1403636681.413555 1.2668135 -0.3639370 1.6832608 -0.0082258 -0.2309898 -0.1151997 0.9660772
1403636681.663555 1.2405293 -0.3589762 1.6627328 -0.0029707 -0.2342806 -0.1150689 0.9653305
1403636681.913555 1.2144165 -0.3505044 1.6422563 0.0006369 -0.2376703 -0.1174685 0.9642165
1403636682.163555 1.1891913 -0.3460358 1.6183140 -0.0010777 -0.2439366 -0.1116312 0.9633442
1403636682.363555 1.1685321 -0.3431396 1.5977318 -0.0205628 -0.2440377 -0.1120210 0.9630545
1403636682.563555 1.1486905 -0.3380134 1.5782115 -0.0131337 -0.2408391 -0.1128424 0.9638935
1403636683.163555 1.0890564 -0.3210550 1.5175185 0.0045049 -0.2326930 -0.1153557 0.9656743
1403636683.363555 1.0700331 -0.3121688 1.4947040 -0.0005017 -0.2374409 -0.1105189 0.9650944
1403636683.613555 1.0456913 -0.2965450 1.4653994 -0.0039204 -0.2413049 -0.1096161 0.9642308
1403636683.863555 1.0218379 -0.2801958 1.4354196 -0.0183600 -0.2443226 -0.1083650 0.9634451
1403636684.413555 0.9742448 -0.2694477 1.3709984 -0.0034279 -0.2550354 -0.1086785 0.9607988
1403636684.713556 0.9539259 -0.2587332 1.3374251 -0.0006326 -0.2616349 -0.0992181 0.9600534
1403636684.963556 0.9390358 -0.2426246 1.3106995 0.0022904 -0.2578276 -0.1098724 0.9599208
1403636686.063555 0.8800101 -0.1876403 1.1759517 -0.0110367 -0.2434132 -0.1130168 0.9632526
1403636686.313555 0.8638383 -0.1762017 1.1440330 -0.0174882 -0.2441294 -0.1079197 0.9635603
1403636686.513556 0.8510062 -0.1698489 1.1192372 -0.0225450 -0.2438855 -0.1068412 0.9636372
1403636687.263556 0.8080468 -0.1467625 1.0465772 -0.0119032 -0.2493889 -0.1042651 0.9627005
1403636687.763556 0.7857211 -0.1243341 1.0076576 -0.0048676 -0.2535400 -0.1002790 0.9621007
1403636688.013556 0.7785370 -0.1042488 0.9912155 -0.0045985 -0.2520647 -0.1083225 0.9616177
1403636688.313555 0.7700066 -0.0799567 0.9704301 -0.0047627 -0.2510960 -0.1107514 0.9615936
1403636688.563555 0.7635004 -0.0621862 0.9521062 -0.0056472 -0.2493947 -0.1176953 0.9612067
1403636688.763556 0.7557620 -0.0452597 0.9385470 -0.0046327 -0.2468442 -0.1290891 0.9604074
1403636688.963556 0.7480568 -0.0297493 0.9227067 -0.0106108 -0.2585481 -0.1267551 0.9575874
1403636689.163555 0.7368811 -0.0204815 0.9047217 -0.0200900 -0.2738068 -0.1216665 0.9538466
1403636689.363555 0.7242426 -0.0163428 0.8873169 -0.0250181 -0.2833269 -0.1230657 0.9507654
1403636689.563555 0.7113825 -0.0176183 0.8702255 -0.0267121 -0.2882554 -0.1230737 0.9492356
1403636689.763556 0.6986480 -0.0227170 0.8554879 -0.0440429 -0.2915905 -0.1149890 0.9485847
1403636689.913555 0.6883918 -0.0253580 0.8487006 -0.0481605 -0.2945869 -0.1005244 0.9491017
1403636690.163555 0.6740526 -0.0286448 0.8448696 -0.0434434 -0.2881456 -0.1075762 0.9505326
1403636690.413555 0.6609812 -0.0368503 0.8479828 -0.0386632 -0.2821177 -0.1192990 0.9511479
1403636690.613555 0.6492246 -0.0457188 0.8538369 -0.0386306 -0.2865506 -0.1044799 0.9515674
1403636690.863555 0.6380562 -0.0503438 0.8690019 -0.0328273 -0.3002256 -0.0640112 0.9511517
1403636691.063555 0.6364779 -0.0510337 0.8874514 -0.0019606 -0.3076541 -0.0442320 0.9504676
1403636691.313555 0.6501551 -0.0587856 0.9092659 0.0315334 -0.3000398 -0.0765101 0.9503304
1403636691.563555 0.6775209 -0.0722425 0.9228417 0.0045347 -0.2977384 -0.1013025 0.9492466
1403636691.863555 0.7149638 -0.0941930 0.9326468 -0.0046588 -0.2937872 -0.1256624 0.9475635
1403636692.113555 0.7461354 -0.1080639 0.9400611 0.0010312 -0.2971220 -0.1150482 0.9478827
1403636692.513556 0.7974746 -0.1377320 0.9429949 -0.0033132 -0.2891046 -0.1288099 0.9485862
1403636692.963556 0.8461024 -0.1794915 0.9362864 -0.0116517 -0.2728504 -0.1607342 0.9484627
1403636693.213556 0.8626040 -0.1967242 0.9312773 -0.0154320 -0.2799832 -0.1444730 0.9489462
1403636693.613555 0.8815874 -0.2104818 0.9286125 -0.0572932 -0.2858638 -0.1360262 0.9468349
1403636693.963556 0.8846540 -0.2202109 0.9417890 -0.0245004 -0.2911400 -0.1285998 0.9476811
1403636694.313555 0.8846049 -0.2284269 0.9588752 -0.0051842 -0.2953099 -0.1235797 0.9473611
1403636694.613555 0.8847405 -0.2372614 0.9699625 -0.0164239 -0.2931235 -0.1272446 0.9474269
1403636695.213556 0.8883914 -0.2382485 0.9983160 -0.0168633 -0.2894692 -0.1158800 0.9499973
1403636695.563555 0.8935492 -0.2484046 1.0132089 -0.0083817 -0.2811687 -0.1252642 0.9514110
1403636696.363555 0.8986194 -0.2464440 1.0426220 -0.0081950 -0.2720230 -0.1293305 0.9535251
1403636697.263556 0.8980556 -0.2375212 1.0457127 0.0093236 -0.2594318 -0.1540738 0.9533466
1403636698.063555 0.8611785 -0.2461046 0.9976355 -0.0130040 -0.1874526 -0.1013813 0.9769413
1403636698.513556 0.8319666 -0.2314498 0.9753320 -0.0154253 -0.1281179 -0.0805603 0.9883613
1403636699.913555 0.7566919 -0.1899735 0.9331150 -0.0128297 0.2156359 0.0720911 0.9737246
1403636701.213556 0.7904828 -0.1179946 0.9083913 -0.0262671 0.2911370 0.0887898 0.9521899
1403636702.463556 0.8595934 -0.0983664 0.8895421 -0.0172257 0.3814541 0.1146333 0.9170907
1403636703.313555 0.9155895 -0.0486714 0.9139606 0.0029308 0.3832959 0.1330636 0.9139857
1403636704.013556 0.9677966 -0.0497475 0.9236401 -0.0012373 0.3819720 0.1179359 0.9166172
1403636704.663555 1.0174890 -0.0418923 0.9343184 -0.0323376 0.3776010 0.1128385 0.9184985
1403636705.163555 1.0663540 -0.0390242 0.9624774 -0.0432895 0.3733032 0.1081137 0.9203708
1403636705.663555 1.1223809 -0.0466603 1.0134884 -0.0342805 0.3748493 0.1042523 0.9205673
1403636706.163555 1.1787425 -0.0586546 1.0755407 0.0062835 0.3648128 0.1226502 0.9229458
1403636707.113555 1.2785382 -0.0856586 1.1797777 -0.0231906 0.3795534 0.0962581 0.9198563
1403636707.563555 1.3233228 -0.1216397 1.2373791 -0.0270647 0.3878346 0.1010406 0.9157744
1403636708.113555 1.3794159 -0.1576430 1.3196440 -0.0158994 0.3769975 0.1099634 0.9195262
1403636708.513556 1.4223293 -0.1621370 1.3856539 0.0088914 0.3645509 0.1302107 0.9219918
1403636708.913555 1.4687748 -0.1674290 1.4348230 0.0019860 0.3849556 0.0890602 0.9186258
1403636709.213556 1.4962156 -0.1750307 1.4684623 0.0031487 0.3961507 0.0866433 0.9140830
1403636709.513556 1.5126325 -0.1869025 1.4982084 -0.0116879 0.3976171 0.0898795 0.9130640
1403636709.813555 1.5220766 -0.1931498 1.5336889 -0.0167399 0.3946642 0.0899474 0.9142590
1403636710.163555 1.5260197 -0.2061193 1.5779773 -0.0128946 0.3891851 0.0870096 0.9169503
1403636710.863555 1.5193158 -0.2078404 1.6730208 0.0016158 0.3103522 0.0860921 0.9467139
1403636711.163555 1.5157406 -0.2089911 1.7047915 -0.0058671 0.2781986 0.0475222 0.9593294
1403636711.563555 1.5022249 -0.2215957 1.7413812 0.0235793 0.2702972 0.0454678 0.9614137
1403636711.863555 1.4821653 -0.2319434 1.7593517 0.0194449 0.2761054 0.0487409 0.9596938
1403636712.613555 1.4109365 -0.2706039 1.7631338 0.0152322 0.2314292 0.0330147 0.9721721
1403636713.013556 1.3629287 -0.2826023 1.7496558 0.0138542 0.2107265 0.0328864 0.9768935
1403636713.463556 1.3042934 -0.2954352 1.7182068 0.0064927 0.2053754 0.0434568 0.9776965
1403636714.513556 1.1970714 -0.3025752 1.6162959 -0.0137522 0.2143735 0.0627217 0.9746389
1403636714.913555 1.1718624 -0.2889478 1.5817703 -0.0281164 0.1480597 0.0289726 0.9881541
1403636715.413555 1.1441350 -0.3007582 1.5452446 -0.0249633 0.0814318 0.0043657 0.9963567
1403636716.163555 1.1252643 -0.2967691 1.5121710 0.0116676 0.0907982 0.0071923 0.9957750
1403636717.213556 1.1072792 -0.2647017 1.4268826 -0.0074759 0.0033090 -0.0267301 0.9996093
1403636718.063555 1.0730004 -0.2385196 1.3513247 -0.0077275 -0.0469467 -0.0701738 0.9963995
1403636718.663555 1.0199873 -0.2082732 1.2994475 -0.0166535 -0.1517942 -0.0611929 0.9863756
1403636719.113555 0.9885288 -0.1804717 1.2702024 -0.0076238 -0.1686787 -0.0869359 0.9818002
1403636719.563555 0.9583617 -0.1607174 1.2360141 0.0054946 -0.1671724 -0.0751063 0.9830475
1403636720.013556 0.9372543 -0.1430297 1.1969401 -0.0126342 -0.1550466 -0.0708592 0.9852817
1403636720.463556 0.9221551 -0.1215803 1.1640708 -0.0153546 -0.1562295 -0.0687486 0.9852057
1403636720.863555 0.9135708 -0.1112505 1.1386892 -0.0164428 -0.1497559 -0.0667708 0.9863288
1403636721.863555 0.9181403 -0.0888206 1.0877944 -0.0052859 -0.0395832 -0.0355096 0.9985712
1403636722.813555 0.9222751 -0.0622172 1.0303874 -0.0072601 -0.0260922 -0.0402994 0.9988206
1403636723.863555 0.9086968 -0.0489589 0.9572206 -0.0025850 0.0170725 -0.0180943 0.9996873
1403636724.963556 0.8862224 -0.0337626 0.8880496 -0.0117388 0.1200805 0.0184620 0.9925231
1403636726.663555 0.8602257 -0.0589708 0.8162540 0.0005352 0.0980249 0.0366660 0.9945082
1403636727.863555 0.8576269 -0.1045007 0.7443554 -0.0041452 0.0977758 -0.0070862 0.9951746
1403636729.113555 0.7993462 -0.1122288 0.6611450 0.0046797 0.0411449 -0.0208245 0.9989253
1403636730.513556 0.7185027 -0.0766937 0.5471244 -0.0237577 0.0263832 -0.0182778 0.9992023
1403636732.113555 0.6765622 -0.0560048 0.5003505 -0.0050137 0.0251533 -0.0097192 0.9996238
1403636733.163555 0.6637967 -0.0329137 0.4520896 0.0034483 0.0262120 -0.0307997 0.9991759
1403636734.013556 0.6191120 -0.0329698 0.3702283 -0.0101000 0.0212519 -0.0291894 0.9992968
1403636735.113555 0.5507203 -0.0166902 0.2806663 -0.0191371 0.0116471 -0.0218032 0.9995113
1403636735.713556 0.5208763 -0.0228413 0.2466149 -0.0182838 0.0228347 -0.0131881 0.9994851
1403636736.913555 0.4702942 -0.0406813 0.2039148 -0.0040326 -0.0250602 -0.0543199 0.9982010
1403636737.513556 0.4325512 -0.0240371 0.1842705 -0.0162659 -0.0453154 -0.0412882 0.9979867
1403636738.113555 0.4013121 -0.0418883 0.1617802 -0.0223132 -0.0480530 -0.0278213 0.9982079
1403636738.663555 0.3921933 -0.0581827 0.1539060 -0.0251276 -0.0188045 -0.0199453 0.9993084
1403636739.213556 0.4001084 -0.0462518 0.1674851 -0.0081345 0.1128452 0.0388956 0.9928177
1403636740.463556 0.4528724 -0.0043470 0.1817044 -0.0052678 0.2362650 0.0570025 0.9700010
1403636741.113555 0.4719293 0.0308067 0.1882908 -0.0029568 0.2364184 0.0363308 0.9709675
1403636741.663555 0.4806366 0.0749770 0.1913604 -0.0246155 0.2521865 0.0758858 0.9643844
1403636742.413555 0.4946691 0.1049344 0.2020648 -0.0190815 0.2382915 0.0623192 0.9690044
1403636743.213556 0.5112681 0.1279017 0.2222139 -0.0346966 0.2418101 0.0751629 0.9667858
1403636743.663555 0.5303733 0.1380820 0.2454389 -0.0282148 0.2523866 0.0737399 0.9644001
1403636744.163555 0.5600026 0.1603849 0.2895435 -0.0019974 0.2826667 0.0719002 0.9565177
1403636745.363555 0.6196979 0.2715722 0.3692114 -0.0088303 0.2762931 0.0761366 0.9580121
1403636745.913555 0.6439799 0.2763647 0.3824277 0.0033054 0.2964630 0.0683529 0.9525895
1403636746.563555 0.6373168 0.2508161 0.3837417 0.0071882 0.3142829 0.0712418 0.9466252
1403636747.063555 0.6176589 0.2466573 0.3940185 -0.0206408 0.2903734 0.1002976 0.9514188
1403636747.513556 0.6129391 0.2249238 0.4034759 -0.0089359 0.3040431 0.0749486 0.9496635
1403636748.013556 0.6019184 0.1926419 0.4187344 0.0001820 0.3065846 0.1052232 0.9460095
1403636748.563555 0.5989285 0.1635071 0.4352252 -0.0083105 0.3184854 0.0811623 0.9444101
1403636749.163555 0.6015529 0.1328741 0.4477185 0.0099052 0.3172925 0.1189631 0.9407844
1403636749.813555 0.6164085 0.1031637 0.4437150 0.0067300 0.3326251 0.0778329 0.9398177
1403636750.563555 0.6049704 0.0828305 0.4282608 0.0034361 0.3088782 0.0784382 0.9478555
1403636751.263556 0.5760938 0.0211804 0.3908390 -0.0204572 0.3037409 0.0764283 0.9494640
1403636752.113555 0.5540026 -0.0326662 0.3670500 -0.0260693 0.2816850 0.0814255 0.9556903
1403636752.863555 0.5544538 -0.0795362 0.3559795 -0.0097751 0.1668856 0.0280866 0.9855277
1403636753.963556 0.5295721 -0.0833157 0.3492413 -0.0044041 0.0109490 -0.0298684 0.9994842
1403636755.213556 0.4429255 -0.0764224 0.2958435 0.0007837 -0.0565496 -0.0578931 0.9967197
1403636755.963556 0.3681490 -0.0676914 0.2461235 -0.0092273 -0.0553124 -0.0534147 0.9969967
1403636756.713556 0.2860309 -0.0559963 0.1969700 0.0003998 -0.0599071 -0.0536768 0.9967597
1403636757.563555 0.1951098 -0.0360498 0.1201391 -0.0121113 -0.0671300 -0.0630747 0.9956750
1403636758.213556 0.1151339 -0.0377448 0.0664397 -0.0072742 -0.1013302 -0.0624315 0.9928653
1403636758.813555 0.0489264 -0.0283731 0.0348632 -0.0326382 -0.1066275 -0.0391023 0.9929937
1403636759.763556 0.0108575 0.0092092 0.0370833 -0.0010035 -0.1070402 -0.0569396 0.9926225
1403636760.213556 0.0100218 0.0188067 0.0283812 -0.0249618 -0.1053834 -0.0584189 0.9924003
1403636760.713556 0.0105318 0.0344590 0.0235125 -0.0202240 -0.1027815 -0.0689983 0.9921020
1403636761.213556 0.0049421 0.0491719 0.0171791 -0.0406867 -0.1044160 -0.0705579 0.9911929
1403636761.663555 -0.0078244 0.0515977 0.0196643 -0.0088368 -0.1069216 -0.0609045 0.9923611
1403636762.013556 -0.0155517 0.0479736 0.0205219 -0.0081388 -0.1071613 -0.0537780 0.9927527
1403636762.413555 -0.0223610 0.0455605 0.0192365 -0.0377615 -0.0960390 -0.0762823 0.9917316
1403636762.763556 -0.0338211 0.0554689 0.0268984 -0.0137082 -0.1130308 -0.0276979 0.9931108
