1403636579.763556 0.0000000 0.0000000 0.0000000 -0.0000000 -0.0000000 -0.0000000 1.0000000
1403636579.963556 -0.0000052 0.0139698 0.0049789 -0.0121797 0.0056667 -0.0028233 0.9999058
1403636580.313555 -0.0008439 0.0428073 0.0127182 -0.0341494 0.0046724 0.0000203 0.9994057
1403636580.413555 -0.0010963 0.0488012 0.0136426 -0.0473263 0.0035943 -0.0018841 0.9988713
1403636580.563555 -0.0015326 0.0518965 0.0137158 -0.0712490 0.0019007 -0.0014576 0.9974556
1403636580.713556 -0.0019826 0.0424298 0.0111196 -0.0687136 0.0016912 -0.0033255 0.9976295
1403636581.063555 -0.0030434 -0.0012373 0.0015489 -0.0199865 0.0192282 -0.0190335 0.9994342
1403636581.263556 -0.0031516 -0.0198284 -0.0031033 0.0118088 0.0208184 -0.0105922 0.9996575
1403636581.513556 -0.0021974 -0.0195900 -0.0043151 0.0180094 0.0257542 -0.0193681 0.9993185
1403636585.113555 -0.0001934 -0.0309774 -0.0043380 0.0168577 0.0500532 -0.0083267 0.9985695
1403636586.513556 0.0011876 0.0194352 -0.0059222 -0.1952925 0.0445022 0.0141651 0.9796324
1403636586.913555 0.0062095 0.0175476 -0.0071440 -0.1892809 0.0336531 0.0119226 0.9812738
1403636587.663555 0.0279256 0.0148724 -0.0000611 -0.1961260 0.0347314 0.0164258 0.9798257
1403636588.863555 0.0461844 0.0158689 0.0005408 -0.2027700 0.0543832 0.0307076 0.9772328
1403636589.813555 -0.0289991 0.0179110 -0.0076740 -0.1946565 0.0095945 0.0094032 0.9807794
1403636590.063555 -0.0431811 0.0201704 -0.0088821 -0.1998526 -0.0114875 0.0080555 0.9797256
1403636590.213556 -0.0469216 0.0201860 -0.0092986 -0.1908442 -0.0186390 0.0074594 0.9814151
1403636590.663555 -0.0299339 0.0183223 -0.0113259 -0.1868828 0.0039231 0.0021517 0.9823721
1403636590.863555 -0.0149019 0.0178976 -0.0106800 -0.1943595 0.0125262 0.0076847 0.9808204
1403636591.163555 0.0093451 0.0175191 -0.0083504 -0.1968952 0.0147537 0.0125957 0.9802327
1403636591.363555 0.0222016 0.0178959 -0.0063424 -0.2016403 0.0210947 0.0159842 0.9791021
1403636591.563555 0.0300145 0.0197175 -0.0034925 -0.1973918 0.0326741 0.0193138 0.9795897
1403636591.713556 0.0332783 0.0205478 -0.0005021 -0.1717294 0.0536784 0.0198658 0.9834801
1403636592.013556 0.0370966 0.0191451 0.0040175 -0.1393943 0.0832052 0.0265793 0.9863769
1403636592.213556 0.0418363 0.0175009 0.0102007 -0.1553652 0.1015839 0.0411879 0.9817566
1403636593.713556 -0.0260034 0.0266152 -0.0050617 -0.1932994 -0.0793542 0.0075040 0.9778967
1403636593.913555 -0.0125593 0.0319152 -0.0155867 -0.1891012 -0.0158471 0.0363063 0.9811583
1403636594.163555 0.0103932 0.0319260 -0.0204600 -0.1734563 0.0833691 0.0674382 0.9789866
1403636594.413555 0.0404421 0.0303393 -0.0064270 -0.1708026 0.1310126 0.0679596 0.9741888
1403636594.613555 0.0501221 0.0236048 0.0060974 -0.1530017 0.1403553 0.0638313 0.9761232
1403636594.813555 0.0488518 0.0192692 0.0211659 -0.1424800 0.1196056 0.0585640 0.9807978
1403636595.563555 -0.0180037 0.0262050 0.0148722 -0.1584851 -0.0811144 -0.0101786 0.9839711
1403636595.863555 0.0036157 0.0327164 0.0007471 -0.1652918 -0.0288479 -0.0076359 0.9857931
1403636596.063555 0.0213116 0.0371085 -0.0079721 -0.1708107 0.0335974 0.0090507 0.9846894
1403636596.313555 0.0218990 0.0403884 -0.0218740 -0.1709187 0.0659168 0.0298185 0.9826254
1403636596.513556 0.0089344 0.0408648 -0.0357092 -0.1602538 0.0654989 0.0245884 0.9845934
1403636596.763556 -0.0029788 0.0414533 -0.0445386 -0.1613363 0.0612868 0.0148218 0.9848832
1403636598.213556 -0.0059226 0.0308701 0.0019760 -0.1650055 -0.0733093 -0.0510834 0.9822370
1403636598.413555 -0.0028025 0.0377316 -0.0037445 -0.1890365 -0.0586690 -0.0572885 0.9785402
1403636598.613555 0.0013052 0.0405551 0.0032032 -0.1731247 -0.0613786 -0.0590331 0.9812114
1403636598.863555 0.0052156 0.0428270 0.0196000 -0.1215343 -0.0896851 -0.0530244 0.9871041
1403636599.113555 0.0076771 0.0482482 0.0324561 -0.0757556 -0.0982743 -0.0457624 0.9912160
1403636599.813555 0.0094526 0.0541777 0.0450992 0.0086012 -0.0837948 -0.0309655 0.9959646
1403636600.513556 0.0101238 0.0544880 0.0449367 0.0190526 -0.0858188 -0.0188298 0.9959506
1403636624.363555 0.0106096 0.0545503 0.0448050 0.0105382 -0.0800937 -0.0191935 0.9965469
1403636624.563555 0.0126372 0.0549455 0.0435582 -0.0055437 -0.0732804 -0.0200325 0.9970948
1403636624.813555 0.0177814 0.0561357 0.0407475 -0.0043349 -0.0655665 -0.0377243 0.9971255
1403636625.013556 0.0233668 0.0548517 0.0353597 -0.0257573 -0.0569062 -0.0665582 0.9958255
1403636625.213556 0.0258330 0.0476606 0.0291402 -0.0384258 -0.0595954 -0.0629336 0.9954955
1403636625.463556 0.0262378 0.0425437 0.0263720 -0.0333003 -0.0655630 -0.0548282 0.9957844
1403636625.763556 0.0244795 0.0397354 0.0295488 -0.0262824 -0.0685907 -0.0570022 0.9956682
1403636627.063555 0.0272514 -0.0001093 0.0315407 -0.0140620 -0.0809933 -0.0548187 0.9951067
1403636627.363555 0.0320277 -0.0023197 0.0276438 -0.0065181 -0.0830444 -0.0527243 0.9951289
1403636627.663555 0.0371943 -0.0104934 0.0213304 -0.0117379 -0.0708457 -0.0438555 0.9964535
1403636629.113555 0.0795776 -0.0338458 0.0345151 -0.0278370 0.0023874 -0.0228276 0.9993490
1403636629.413555 0.0941274 -0.0409520 0.0425595 -0.0170168 0.0268723 -0.0065553 0.9994726
1403636630.463556 0.1692381 -0.0467804 0.1006256 -0.0114008 0.1573978 0.0325782 0.9869320
1403636630.713556 0.1885500 -0.0598406 0.1139921 -0.0180863 0.1549862 0.0214857 0.9875174
1403636631.563555 0.2447361 -0.0744947 0.1763553 -0.0099444 0.1419670 0.0230661 0.9895526
1403636631.863555 0.2624623 -0.0762631 0.1974274 -0.0125763 0.1399094 0.0176448 0.9899272
1403636633.063555 0.3070899 -0.0908858 0.2856692 -0.0179592 0.0528089 -0.0117166 0.9983745
1403636633.613555 0.3245286 -0.0981987 0.3372911 -0.0310343 0.0252368 -0.0102203 0.9991475
1403636633.863555 0.3325222 -0.1040487 0.3645170 -0.0304072 0.0317963 -0.0052395 0.9990181
1403636634.113555 0.3423000 -0.1141394 0.3939466 -0.0260156 0.0331075 0.0097330 0.9990658
1403636634.413555 0.3585880 -0.1302640 0.4299328 -0.0159891 0.0346980 -0.0090766 0.9992288
1403636634.663555 0.3734622 -0.1402876 0.4597190 -0.0053146 0.0283343 -0.0181860 0.9994190
1403636634.963556 0.3874615 -0.1512950 0.4948261 -0.0150763 0.0083046 -0.0277400 0.9994670
1403636635.213556 0.3972822 -0.1630852 0.5218259 -0.0212944 -0.0011134 -0.0332347 0.9992201
1403636635.563555 0.4091709 -0.1757725 0.5636662 -0.0271351 -0.0097062 -0.0191965 0.9994004
1403636635.813555 0.4186904 -0.1937625 0.5938538 -0.0167110 -0.0102982 -0.0099340 0.9997580
1403636636.063555 0.4322652 -0.2168535 0.6220117 -0.0285587 -0.0083613 -0.0080843 0.9995245
1403636636.363555 0.4513993 -0.2482832 0.6581706 -0.0065125 -0.0012231 -0.0285594 0.9995702
1403636636.713556 0.4722969 -0.2772521 0.6972532 0.0136428 0.0054602 -0.0490772 0.9986870
1403636637.213556 0.4848245 -0.2863754 0.7432309 -0.0093146 -0.0049577 -0.0337149 0.9993757
1403636637.713556 0.4878872 -0.3003715 0.7796934 -0.0219956 -0.0115049 -0.0322288 0.9991722
1403636637.913555 0.4879866 -0.3152310 0.7930587 -0.0148415 -0.0131242 -0.0332028 0.9992523
1403636638.163555 0.4881216 -0.3263440 0.8117915 -0.0050597 -0.0150584 -0.0321613 0.9993565
1403636638.463556 0.4881712 -0.3267382 0.8359405 -0.0331597 -0.0207884 -0.0181449 0.9990692
1403636638.763556 0.4922115 -0.3290784 0.8650503 -0.0388797 -0.0186690 -0.0264047 0.9987206
1403636639.013556 0.4973613 -0.3428509 0.8914269 -0.0224895 -0.0229553 -0.0180334 0.9993209
1403636639.913555 0.5407069 -0.3569958 1.0075159 -0.0031919 -0.0207510 -0.0320781 0.9992649
1403636640.513556 0.5659224 -0.3799435 1.0673082 -0.0034538 -0.0510807 -0.0477164 0.9975480
1403636640.863555 0.5790889 -0.3838324 1.0960997 -0.0073547 -0.0570123 -0.0508436 0.9970509
1403636641.413555 0.5941358 -0.3912153 1.1350347 -0.0060264 -0.0581741 -0.0376146 0.9975795
1403636641.813555 0.6053143 -0.3930381 1.1587735 -0.0042874 -0.0528866 -0.0457568 0.9975425
1403636642.063555 0.6122910 -0.4023893 1.1682082 -0.0007603 -0.0405268 -0.0407846 0.9983455
1403636642.963556 0.6346473 -0.4068545 1.1939480 -0.0250330 0.0043498 -0.0212487 0.9994514
1403636643.863555 0.6600093 -0.4275621 1.2242852 -0.0420164 -0.0006993 -0.0245402 0.9988153
1403636644.163555 0.6704888 -0.4383328 1.2450444 -0.0467010 -0.0005730 -0.0273158 0.9985353
1403636644.363555 0.6770047 -0.4450288 1.2653735 -0.0191641 -0.0069318 -0.0068053 0.9997692
1403636644.663555 0.6921648 -0.4440740 1.2994285 0.0021407 -0.0108306 0.0060833 0.9999206
1403636645.513556 0.7532744 -0.4339607 1.3901135 -0.0424422 0.0069957 -0.0240514 0.9987850
1403636645.663555 0.7628417 -0.4375299 1.4118891 -0.0377900 0.0083251 -0.0255627 0.9989241
1403636645.813555 0.7726185 -0.4421295 1.4343163 -0.0346853 0.0075075 -0.0238014 0.9990867
1403636646.013556 0.7852886 -0.4549583 1.4654377 -0.0271181 0.0098302 -0.0168122 0.9994426
1403636646.463556 0.8192368 -0.4906731 1.5344104 0.0076419 0.1005142 0.0319662 0.9943927
1403636646.763556 0.8471461 -0.5132332 1.5734563 0.0085073 0.1495452 0.0320816 0.9881977
1403636647.413555 0.9019880 -0.5552428 1.6294804 -0.0016862 0.1555214 0.0357188 0.9871852
1403636647.663555 0.9239651 -0.5636337 1.6479692 0.0145347 0.1491537 0.0418881 0.9878196
1403636647.963556 0.9512374 -0.5729150 1.6631371 0.0075994 0.1677559 0.0410238 0.9849452
1403636648.363555 0.9911776 -0.5681021 1.6787832 0.0078675 0.2586146 0.0717512 0.9632799
1403636649.213556 1.0707575 -0.5662656 1.6816146 -0.0030933 0.3532170 0.0974387 0.9304481
1403636649.663555 1.1066831 -0.5972970 1.6727557 0.0073333 0.3436193 0.0939302 0.9343711
1403636650.063555 1.1344342 -0.6166195 1.6587372 0.0149243 0.3694370 0.0963915 0.9241223
1403636650.363555 1.1512649 -0.6165630 1.6497468 0.0124706 0.4182535 0.1150375 0.9009299
1403636650.813555 1.1714801 -0.5984279 1.6282997 -0.0029295 0.4913564 0.1481057 0.8582685
1403636651.213556 1.1825511 -0.5962667 1.6078739 0.0094993 0.5011421 0.1414223 0.8536780
1403636651.963556 1.1837640 -0.5903813 1.5631430 0.0272588 0.5048864 0.1577015 0.8482199
1403636652.363555 1.1781271 -0.5635207 1.5313243 -0.0008537 0.6053331 0.1954268 0.7716084
1403636653.113555 1.1829880 -0.5352082 1.4632941 -0.0152920 0.6576747 0.2178022 0.7209663
1403636653.663555 1.2022779 -0.5265853 1.4180937 0.0029313 0.6484712 0.1916657 0.7367094
1403636654.713556 1.1971025 -0.5097512 1.3452524 0.0000574 0.7049510 0.2250889 0.6725913
1403636654.813555 1.1951797 -0.5083169 1.3362972 -0.0022545 0.7113485 0.2296325 0.6642643
1403636655.213556 1.1839513 -0.4973352 1.3146921 0.0139907 0.7286274 0.2173033 0.6493734
1403636655.363555 1.1777823 -0.4923232 1.3077370 0.0201550 0.7343102 0.2187207 0.6422956
1403636655.513556 1.1696007 -0.4877570 1.3007679 0.0226011 0.7434154 0.2223597 0.6303800
1403636655.863555 1.1442412 -0.4713870 1.2829654 0.0094303 0.7640426 0.2622304 0.5893940
1403636655.963556 1.1371850 -0.4634306 1.2780340 0.0108545 0.7744803 0.2688477 0.5725237
1403636656.063555 1.1298872 -0.4567891 1.2733067 0.0126307 0.7840865 0.2718088 0.5578252
1403636656.213556 1.1199117 -0.4490477 1.2625529 0.0061766 0.7935166 0.2738835 0.5433977
1403636656.613555 1.0952191 -0.4460778 1.2277662 -0.0005736 0.7983478 0.2738836 0.5363100
1403636656.713556 1.0904403 -0.4450686 1.2185575 0.0069608 0.8007908 0.2631010 0.5380182
1403636656.813555 1.0853275 -0.4442173 1.2098343 0.0129876 0.8032524 0.2519008 0.5395952
1403636657.113555 1.0676855 -0.4324645 1.1856027 0.0223474 0.8019841 0.2425068 0.5454470
1403636657.213556 1.0599487 -0.4279434 1.1786227 0.0263113 0.7999124 0.2453299 0.5470478
1403636657.313555 1.0514432 -0.4242541 1.1722213 0.0245224 0.7981260 0.2507673 0.5472745
1403636657.613555 1.0225254 -0.4113811 1.1494491 0.0165274 0.7908053 0.2739548 0.5470856
1403636657.763556 1.0079041 -0.4027075 1.1370317 0.0179264 0.7917245 0.2746706 0.5453504
1403636657.913555 0.9935623 -0.3912512 1.1237807 0.0232214 0.7910417 0.2843567 0.5411609
1403636658.013556 0.9832343 -0.3853654 1.1144761 0.0225844 0.7911866 0.2888485 0.5385909
1403636658.263556 0.9591486 -0.3725957 1.0843065 0.0018710 0.7989153 0.2768539 0.5339315
1403636658.363555 0.9502528 -0.3668480 1.0712278 -0.0028462 0.8003853 0.2749308 0.5327180
1403636658.513556 0.9376540 -0.3579882 1.0526730 -0.0114906 0.8022478 0.2723385 0.5311293
1403636658.613555 0.9304951 -0.3507752 1.0407993 -0.0180262 0.8042809 0.2673737 0.5303949
1403636658.713556 0.9237924 -0.3440155 1.0291362 -0.0205208 0.8054691 0.2644657 0.5299587
1403636658.963556 0.9108318 -0.3262055 1.0034714 -0.0136680 0.8104771 0.2506983 0.5292357
1403636659.063555 0.9064244 -0.3191547 0.9951226 -0.0040873 0.8110197 0.2491223 0.5293095
1403636659.213556 0.9000807 -0.3071887 0.9843777 0.0026267 0.8117896 0.2465529 0.5293415
1403636659.413555 0.8888915 -0.2925921 0.9717730 -0.0035397 0.8087545 0.2544169 0.5302601
1403636659.513556 0.8830671 -0.2868856 0.9660724 -0.0087710 0.8074378 0.2580000 0.5304747
1403636659.613555 0.8787338 -0.2830237 0.9603584 -0.0081139 0.8079711 0.2580226 0.5296613
1403636659.963556 0.8616562 -0.2617607 0.9467626 -0.0081808 0.8108656 0.2576084 0.5254219
1403636660.163555 0.8532943 -0.2460466 0.9437320 -0.0179156 0.8078926 0.2702952 0.5233824
1403636660.263556 0.8500501 -0.2379465 0.9425700 -0.0203572 0.8069188 0.2739314 0.5229045
1403636660.513556 0.8469392 -0.2228960 0.9392033 -0.0339633 0.8012465 0.2902901 0.5220940
1403636660.663555 0.8496561 -0.2150736 0.9370347 -0.0258684 0.8074675 0.2723308 0.5226501
1403636660.863555 0.8562669 -0.2028210 0.9352251 -0.0259869 0.8159990 0.2436898 0.5235320
1403636661.113555 0.8655388 -0.1834449 0.9420682 -0.0120279 0.8163316 0.2421622 0.5242287
1403636661.213556 0.8690668 -0.1762435 0.9466876 -0.0055574 0.8160533 0.2433097 0.5242391
1403636661.713556 0.8817273 -0.1610038 0.9733126 0.0022168 0.8126956 0.2508589 0.5259191
1403636661.963556 0.8838905 -0.1656473 0.9860313 0.0189708 0.8101428 0.2544664 0.5277839
1403636662.213556 0.8804953 -0.1755547 0.9962552 0.0093117 0.8114590 0.2504559 0.5279390
1403636662.413555 0.8758427 -0.1794655 1.0063673 -0.0073392 0.8129321 0.2499365 0.5259461
1403636662.613555 0.8715823 -0.1806023 1.0190889 -0.0103905 0.8082056 0.2673468 0.5246156
1403636662.813555 0.8690541 -0.1808015 1.0324275 0.0155263 0.8048093 0.2799415 0.5231385
1403636663.013556 0.8658309 -0.1756223 1.0441533 0.0118436 0.8013241 0.2914165 0.5223178
1403636663.363555 0.8628523 -0.1677765 1.0522786 -0.0168083 0.8035941 0.2890503 0.5200039
1403636663.563555 0.8654068 -0.1576838 1.0540620 -0.0402589 0.8031018 0.2890387 0.5194836
1403636663.713556 0.8712740 -0.1491979 1.0562551 -0.0468573 0.8031890 0.2875889 0.5196005
1403636663.863555 0.8818194 -0.1428514 1.0580370 -0.0566050 0.8078057 0.2697764 0.5210245
1403636664.213556 0.9198930 -0.1432175 1.0681447 -0.0349073 0.8130481 0.2405232 0.5290397
1403636664.413555 0.9451965 -0.1448374 1.0813366 -0.0154769 0.8100725 0.2382535 0.5355168
1403636664.563555 0.9642397 -0.1412058 1.0953609 -0.0076456 0.8069511 0.2375500 0.5406862
1403636664.813555 0.9926897 -0.1397839 1.1201954 -0.0030317 0.7993606 0.2426242 0.5496790
1403636665.063555 1.0174588 -0.1455990 1.1454661 -0.0081699 0.7916946 0.2528139 0.5560919
1403636665.263556 1.0373861 -0.1559704 1.1635691 -0.0006595 0.7858312 0.2633369 0.5595738
1403636665.463556 1.0572990 -0.1670597 1.1807003 0.0008565 0.7879184 0.2567935 0.5596793
1403636666.163555 1.1234524 -0.2085845 1.2442410 0.0126261 0.7949435 0.2522635 0.5516056
1403636666.413555 1.1419610 -0.2158038 1.2698985 0.0197354 0.7946442 0.2509944 0.5524065
1403636666.663555 1.1557974 -0.2252581 1.2925748 0.0059056 0.7905450 0.2575316 0.5555910
1403636667.513556 1.2044728 -0.2458054 1.3487277 -0.0067303 0.7880472 0.2486549 0.5631227
1403636667.763556 1.2184308 -0.2490064 1.3659360 -0.0012524 0.7796012 0.2717996 0.5642211
1403636668.313555 1.2542225 -0.2539235 1.3947833 -0.0132722 0.7876219 0.2657084 0.5557648
1403636668.713556 1.2876321 -0.2448648 1.4180267 -0.0162626 0.7952865 0.2593844 0.5476993
1403636668.963556 1.3109549 -0.2409130 1.4362280 -0.0230180 0.8041574 0.2362812 0.5449514
1403636669.163555 1.3298289 -0.2469122 1.4519203 -0.0030304 0.8028368 0.2418814 0.5449196
1403636669.363555 1.3468692 -0.2518368 1.4703655 -0.0004704 0.8031642 0.2427071 0.5440776
1403636669.613555 1.3655216 -0.2548564 1.4996142 0.0090608 0.8068450 0.2296201 0.5442368
1403636669.863555 1.3781943 -0.2610049 1.5308977 0.0381526 0.8026047 0.2335036 0.5475821
1403636670.113555 1.3802871 -0.2737122 1.5601345 0.0591394 0.7860976 0.2723424 0.5517088
1403636670.363555 1.3727909 -0.2851506 1.5776159 0.0938402 0.7721916 0.2760084 0.5645649
1403636670.563555 1.3570700 -0.2889137 1.5839779 0.0998931 0.7514436 0.2825269 0.5878202
1403636670.863555 1.3184501 -0.2936296 1.5660549 0.1015738 0.7070556 0.2742611 0.6438447
1403636672.863555 1.0765438 -0.2504829 1.1744118 -0.0235016 0.5888966 0.1756373 0.7885430
1403636673.763556 1.0931222 -0.2420008 1.1682634 -0.0344775 0.5291724 0.1473419 0.8349122
1403636674.213556 1.1171579 -0.2503399 1.1993232 -0.0223394 0.5283232 0.1450675 0.8362600
1403636674.813555 1.1434535 -0.2403182 1.2620176 -0.0059127 0.4826526 0.1667238 0.8597758
1403636675.263556 1.1771924 -0.2346851 1.2986748 -0.0527190 0.4770977 0.1566676 0.8631651
1403636676.513556 1.2901999 -0.2527846 1.4615781 -0.0317806 0.3084749 0.0480964 0.9494841
1403636676.863555 1.3067963 -0.2692160 1.5118117 -0.0157892 0.2484415 0.0661319 0.9662578
1403636678.063555 1.3337857 -0.3080444 1.6618664 -0.0090773 0.0923161 0.0332698 0.9951324
1403636678.963556 1.3483007 -0.3387836 1.7183796 -0.0116472 -0.0611961 -0.0955882 0.9934699
1403636679.713556 1.3254874 -0.3475982 1.7450633 -0.0067926 -0.2347906 -0.1024176 0.9666116
1403636679.913555 1.3219657 -0.3580801 1.7453630 0.0072758 -0.2447584 -0.1139418 0.9628384
1403636680.163555 1.3175201 -0.3739810 1.7395244 0.0195614 -0.2337113 -0.1439911 0.9613858
1403636680.413555 1.3094933 -0.3834269 1.7267728 0.0211347 -0.2234891 -0.1558748 0.9619297
1403636680.913555 1.2733350 -0.3770045 1.6842332 -0.0113237 -0.2279211 -0.1097132 0.9674125
1403636681.113555 1.2558579 -0.3679173 1.6668855 -0.0429777 -0.2274789 -0.1072782 0.9669011
1403636681.313555 1.2376606 -0.3585610 1.6526747 -0.0192102 -0.2254927 -0.1175109 0.9669412
1403636681.563555 1.2129484 -0.3523204 1.6348658 -0.0028923 -0.2310101 -0.1106838 0.9666309
1403636681.763556 1.1929702 -0.3478480 1.6187963 -0.0009639 -0.2319768 -0.1172404 0.9656296
1403636681.963556 1.1723163 -0.3411807 1.6021184 0.0010990 -0.2354679 -0.1162436 0.9649046
1403636682.513556 1.1184696 -0.3311996 1.5480070 -0.0165048 -0.2382819 -0.1118456 0.9645932
1403636682.763556 1.0941877 -0.3218834 1.5270170 0.0004662 -0.2350160 -0.1094186 0.9658131
1403636682.963556 1.0753080 -0.3170207 1.5080886 0.0064620 -0.2297804 -0.1140224 0.9665186
1403636683.213556 1.0514808 -0.3109946 1.4811341 0.0035008 -0.2307367 -0.1134371 0.9663748
1403636684.213556 0.9625502 -0.2639812 1.3674576 -0.0092081 -0.2488945 -0.1090169 0.9623317
1403636684.413555 0.9457829 -0.2626048 1.3440652 -0.0022795 -0.2526455 -0.1084493 0.9614593
1403636684.713556 0.9240344 -0.2528140 1.3107028 0.0002128 -0.2585281 -0.0995394 0.9608617
1403636685.013556 0.9081914 -0.2343155 1.2792070 0.0029231 -0.2531698 -0.1136099 0.9607234
1403636685.413555 0.8900774 -0.2186185 1.2319677 -0.0056794 -0.2412689 -0.1238150 0.9625108
1403636686.463556 0.8276672 -0.1668568 1.1057960 -0.0198577 -0.2412695 -0.1076289 0.9642670
1403636687.763556 0.7616179 -0.1225134 0.9904708 -0.0045420 -0.2515234 -0.1006873 0.9625888
1403636688.063555 0.7526718 -0.0978173 0.9721677 -0.0030511 -0.2488012 -0.1117690 0.9620791
1403636688.313555 0.7464631 -0.0790626 0.9549875 -0.0038509 -0.2494164 -0.1109898 0.9620073
1403636688.963556 0.7239858 -0.0309082 0.9080626 -0.0106442 -0.2561499 -0.1270785 0.9581885
1403636689.263556 0.7075312 -0.0186908 0.8821719 -0.0228628 -0.2770725 -0.1223950 0.9527473
1403636689.463556 0.6952039 -0.0173535 0.8653721 -0.0238810 -0.2842208 -0.1238329 0.9504282
1403636689.763556 0.6763085 -0.0232504 0.8430436 -0.0435239 -0.2896461 -0.1148119 0.9492255
1403636690.013556 0.6606514 -0.0279416 0.8329927 -0.0448265 -0.2928268 -0.0951646 0.9503614
1403636690.413555 0.6402645 -0.0372728 0.8348980 -0.0379256 -0.2807960 -0.1183832 0.9516832
1403636690.663555 0.6264594 -0.0477229 0.8429341 -0.0379930 -0.2872045 -0.0974751 0.9521391
1403636690.863555 0.6175675 -0.0509991 0.8555788 -0.0325095 -0.2982782 -0.0632902 0.9518234
1403636691.063555 0.6161785 -0.0512068 0.8737134 -0.0010843 -0.3059863 -0.0436891 0.9510324
1403636691.313555 0.6305671 -0.0587353 0.8948811 0.0322647 -0.2988141 -0.0759380 0.9507380
1403636691.563555 0.6562445 -0.0721979 0.9082605 0.0046377 -0.2959849 -0.1021690 0.9497015
1403636691.863555 0.6930712 -0.0935835 0.9176088 -0.0044927 -0.2920747 -0.1255924 0.9481028
1403636692.263556 0.7426891 -0.1149067 0.9268456 0.0012541 -0.2911390 -0.1244193 0.9485549
1403636692.613555 0.7837790 -0.1445002 0.9264786 -0.0030105 -0.2860388 -0.1280326 0.9496211
1403636692.913555 0.8152299 -0.1714463 0.9222714 -0.0095598 -0.2710865 -0.1594362 0.9492105
1403636693.313555 0.8419055 -0.1959780 0.9146168 -0.0241705 -0.2804090 -0.1391268 0.9494369
1403636693.613555 0.8532973 -0.2045907 0.9142056 -0.0562405 -0.2837167 -0.1356297 0.9476002
1403636693.963556 0.8572551 -0.2132473 0.9260385 -0.0229005 -0.2891527 -0.1276495 0.9484575
1403636694.313555 0.8567722 -0.2222731 0.9426014 -0.0043814 -0.2929543 -0.1235267 0.9481033
1403636694.763556 0.8581446 -0.2320756 0.9600533 -0.0121423 -0.2907225 -0.1241481 0.9486413
1403636695.163555 0.8602242 -0.2312618 0.9789752 -0.0170013 -0.2893663 -0.1125919 0.9504216
1403636695.563555 0.8660266 -0.2419101 0.9957761 -0.0072536 -0.2789152 -0.1246757 0.9521606
1403636696.263556 0.8713478 -0.2410013 1.0205052 -0.0176697 -0.2684312 -0.1334369 0.9538485
1403636696.613555 0.8696150 -0.2369983 1.0298519 0.0039925 -0.2722408 -0.1164785 0.9551448
1403636697.763556 0.8516644 -0.2410345 0.9967890 -0.0121565 -0.2346756 -0.1222108 0.9642843
1403636699.063555 0.7696487 -0.1961584 0.9415627 -0.0176377 0.0127121 -0.0186415 0.9995897
1403636699.813555 0.7334521 -0.1864880 0.9218940 -0.0154876 0.2018555 0.0742854 0.9764714
1403636700.613555 0.7431833 -0.1465658 0.9129463 -0.0006784 0.2599299 0.0852198 0.9618595
1403636701.463556 0.7773383 -0.1147867 0.8927859 -0.0216529 0.2874463 0.0844188 0.9538236
1403636702.463556 0.8319467 -0.0946281 0.8820410 -0.0151752 0.3839018 0.1151317 0.9160424
1403636703.413555 0.8912423 -0.0465863 0.9089456 0.0069170 0.3873349 0.1299982 0.9127017
1403636704.213556 0.9473534 -0.0441645 0.9177804 -0.0071546 0.3817525 0.1192110 0.9165166
1403636704.913555 1.0011127 -0.0406910 0.9336555 -0.0477644 0.3768943 0.1174763 0.9175341
1403636705.413555 1.0556366 -0.0414688 0.9746242 -0.0212149 0.3787336 0.0991658 0.9199332
1403636705.963556 1.1136937 -0.0515551 1.0372182 -0.0081149 0.3754873 0.1124272 0.9199475
1403636706.563555 1.1804224 -0.0625118 1.1009775 -0.0177586 0.3757298 0.0927346 0.9219067
1403636707.013556 1.2258767 -0.0796213 1.1474086 -0.0267741 0.3794700 0.0997194 0.9194248
1403636708.413555 1.3629264 -0.1584910 1.3427801 0.0052157 0.3706283 0.1268239 0.9200670
1403636708.913555 1.4198315 -0.1660101 1.4064078 0.0027842 0.3888066 0.0907754 0.9168324
1403636709.363555 1.4550017 -0.1798036 1.4519708 -0.0065560 0.4009245 0.0924845 0.9114072
1403636709.813555 1.4722123 -0.1901823 1.5007191 -0.0156511 0.3985822 0.0916104 0.9124116
1403636710.213556 1.4769797 -0.2040717 1.5502789 -0.0113389 0.3918193 0.0875465 0.9157974
1403636710.563555 1.4742281 -0.2075944 1.5982282 0.0045585 0.3552412 0.1142985 0.9277494
1403636710.963556 1.4705262 -0.2038253 1.6471252 -0.0004867 0.3000412 0.0715889 0.9512361
1403636711.363555 1.4637938 -0.2117436 1.6852051 -0.0009861 0.2733431 0.0481608 0.9607096
1403636711.713556 1.4476099 -0.2238103 1.7105345 0.0259213 0.2791983 0.0414453 0.9589884
1403636712.163555 1.4097803 -0.2409044 1.7271270 0.0140250 0.2721983 0.0820170 0.9586368
1403636712.563555 1.3719726 -0.2621747 1.7242392 0.0138018 0.2407662 0.0356062 0.9698317
1403636712.963556 1.3277016 -0.2768750 1.7119565 0.0174565 0.2138834 0.0355124 0.9760575
1403636713.363555 1.2781621 -0.2854716 1.6870571 0.0079675 0.2089068 0.0407262 0.9770546
1403636713.863555 1.2183917 -0.3032862 1.6412520 0.0024398 0.2070174 0.0664788 0.9760730
1403636714.463556 1.1651949 -0.2966661 1.5855782 -0.0077150 0.2196129 0.0634121 0.9734934
1403636715.063555 1.1255844 -0.2845958 1.5352592 -0.0301428 0.1200907 0.0137324 0.9922103
1403636717.013556 1.0768950 -0.2649943 1.4159042 -0.0054917 0.0445147 -0.0092823 0.9989506
1403636717.763556 1.0600755 -0.2452843 1.3513032 -0.0058023 -0.0151572 -0.0533462 0.9984443
1403636718.613555 0.9934895 -0.2062148 1.2774024 -0.0135253 -0.1418368 -0.0645741 0.9876891
1403636719.113555 0.9570210 -0.1758205 1.2455579 -0.0065410 -0.1653786 -0.0867565 0.9823852
1403636719.613555 0.9253230 -0.1543861 1.2085032 0.0034153 -0.1635755 -0.0732300 0.9838033
1403636720.013556 0.9069674 -0.1393698 1.1742868 -0.0114619 -0.1520299 -0.0705326 0.9857893
1403636720.463556 0.8919339 -0.1197385 1.1421366 -0.0148969 -0.1530108 -0.0683223 0.9857473
1403636720.963556 0.8829064 -0.1076714 1.1120106 -0.0147364 -0.1342630 -0.0618767 0.9889023
1403636721.363555 0.8820304 -0.0963944 1.0945483 -0.0031932 -0.0788326 -0.0387406 0.9961298
1403636722.063555 0.8906763 -0.0790937 1.0583959 -0.0031815 -0.0332684 -0.0449947 0.9984281
1403636723.963556 0.8761973 -0.0466448 0.9357179 -0.0096244 0.0241071 -0.0147186 0.9995548
1403636725.063555 0.8546163 -0.0377818 0.8715577 -0.0096064 0.1189235 0.0239892 0.9925670
1403636728.663555 0.7925206 -0.1122526 0.6864756 0.0006730 0.0874328 0.0186510 0.9959956
1403636729.913555 0.7278199 -0.0942404 0.5905253 -0.0075899 0.0307734 -0.0183525 0.9993291
1403636731.663555 0.6524431 -0.0754083 0.5020549 -0.0074891 0.0245919 0.0024264 0.9996666
1403636732.963556 0.6498115 -0.0349334 0.4642131 0.0147691 0.0274921 -0.0280709 0.9991187
1403636734.213556 0.5864623 -0.0262598 0.3523644 -0.0032227 0.0225267 -0.0249217 0.9994303
1403636735.363555 0.5196062 -0.0107581 0.2661869 -0.0225247 0.0127693 -0.0141169 0.9995651
1403636736.813555 0.4598881 -0.0401509 0.2088852 -0.0022336 -0.0222558 -0.0539678 0.9982922
1403636737.713556 0.4063359 -0.0225574 0.1786131 -0.0205576 -0.0500504 -0.0305151 0.9980687
1403636739.313555 0.3909041 -0.0397874 0.1707427 -0.0070812 0.1448424 0.0400411 0.9886188
1403636740.063555 0.4221243 -0.0231964 0.1784491 -0.0076140 0.2435529 0.0668697 0.9675498
1403636741.013556 0.4518508 0.0238364 0.1905781 -0.0040828 0.2316688 0.0454044 0.9717259
1403636741.763556 0.4645754 0.0780460 0.1945769 -0.0214624 0.2542373 0.0733389 0.9641184
1403636743.063555 0.4890267 0.1165103 0.2204612 -0.0065892 0.2369043 0.0643122 0.9693795
1403636743.813555 0.5189052 0.1389435 0.2604696 -0.0151329 0.2614888 0.0688346 0.9626300
1403636744.713556 0.5669720 0.2089281 0.3366995 0.0170392 0.2876384 0.0977637 0.9525840
1403636745.613555 0.6102439 0.2729545 0.3773509 0.0069272 0.2791025 0.0714618 0.9575735
1403636746.463556 0.6199539 0.2481456 0.3844925 0.0210713 0.3205605 0.0621355 0.9449530
1403636748.013556 0.5814560 0.1880822 0.4173329 0.0010367 0.3080043 0.1053804 0.9455301
1403636749.163555 0.5808353 0.1298273 0.4449521 0.0110451 0.3187648 0.1194516 0.9402118
1403636750.313555 0.5921111 0.0917078 0.4347380 0.0101526 0.3182907 0.0802215 0.9445383
1403636751.313555 0.5555466 0.0194756 0.3870270 -0.0209209 0.3041173 0.0795244 0.9490790
1403636752.213556 0.5378893 -0.0371786 0.3633194 -0.0157176 0.2794019 0.0773056 0.9569280
1403636753.513556 0.5285681 -0.0797624 0.3495126 -0.0085585 0.0264212 -0.0354676 0.9989849
1403636754.563555 0.4792953 -0.0859383 0.3326971 0.0071215 0.0155818 -0.0363856 0.9991910
1403636756.163555 0.3348948 -0.0633784 0.2348232 -0.0040117 -0.0546540 -0.0529249 0.9970937
1403636756.813555 0.2658498 -0.0519299 0.1905162 0.0028846 -0.0610749 -0.0521083 0.9967679
1403636757.463556 0.1988415 -0.0376112 0.1320871 -0.0039277 -0.0639228 -0.0573927 0.9962955
1403636758.063555 0.1314078 -0.0340165 0.0775694 -0.0229629 -0.0979984 -0.0649416 0.9927999
1403636758.613555 0.0678748 -0.0300278 0.0442016 -0.0529150 -0.1105516 -0.0370614 0.9917686
1403636759.213556 0.0214565 -0.0151541 0.0376335 -0.0076422 -0.1155467 -0.0199251 0.9930728
1403636759.763556 0.0108181 0.0092296 0.0368830 -0.0010297 -0.1071532 -0.0568770 0.9926139
1403636761.213556 0.0049873 0.0487240 0.0171210 -0.0404424 -0.1045962 -0.0705108 0.9911874
1403636761.663555 -0.0077895 0.0511437 0.0195720 -0.0082068 -0.1071897 -0.0607223 0.9923487
1403636762.063555 -0.0156945 0.0469402 0.0203208 -0.0061810 -0.1039283 -0.0620460 0.9926284
1403636762.463556 -0.0240031 0.0457576 0.0194748 -0.0395097 -0.0988728 -0.0688109 0.9919316
1403636762.813555 -0.0333589 0.0574787 0.0296320 -0.0108836 -0.1097663 -0.0384120 0.9931554
1403636763.263556 -0.0259477 0.0619440 0.0272057 0.0020066 -0.0691346 -0.0097197 0.9975581
1403636763.613555 -0.0262249 0.0602625 0.0271825 0.0030449 -0.0690751 -0.0089783 0.9975665
