1664524573.195242 0.0000000 0.0000000 0.0000000 -0.0000000 -0.0000000 -0.0000000 1.0000000
1664524573.295170 -0.0137850 -0.0115052 -0.0069039 0.0237684 0.0274558 -0.0005413 0.9993403
1664524573.495178 -0.0185839 -0.0113120 -0.0024514 0.0410291 0.0522710 -0.0152758 0.9976729
1664524573.695202 -0.0187737 -0.0134097 -0.0026253 0.0206210 0.0520561 -0.0358747 0.9977866
1664524573.895187 -0.0273479 -0.0102217 0.0063774 0.0151603 0.0726311 -0.0398604 0.9964468
1664524574.095215 -0.0365801 -0.0087381 0.0108610 0.0141948 0.0846319 -0.0405516 0.9954855
1664524574.295210 -0.0422689 -0.0083741 0.0178049 0.0061328 0.0912878 -0.0339773 0.9952259
1664524574.495189 -0.0511006 -0.0140067 0.0122095 0.0033705 0.1099776 -0.0336573 0.9933584
1664524574.695184 -0.0526697 -0.0248285 0.0091966 -0.0162456 0.1316599 -0.0355624 0.9905237
1664524574.795523 -0.0520874 -0.0274096 0.0071823 -0.0169769 0.1451681 -0.0345240 0.9886587
1664524574.995626 -0.0425969 -0.0297576 0.0028753 -0.0155087 0.1808386 -0.0360962 0.9827279
1664524575.195531 -0.0224670 -0.0319908 -0.0041546 -0.0022338 0.2474472 -0.0423683 0.9679721
1664524575.395578 0.0023937 -0.0361774 -0.0168109 -0.0035915 0.3143563 -0.0560039 0.9476449
1664524575.595472 0.0218774 -0.0412743 -0.0322691 0.0034695 0.3517950 -0.0600842 0.9341404
1664524575.795517 0.0426295 -0.0445705 -0.0513759 0.0045342 0.3848716 -0.0600203 0.9210054
1664524575.995277 0.0578055 -0.0469212 -0.0651260 0.0058442 0.4069475 -0.0667769 0.9109888
1664524576.097048 0.0636699 -0.0472671 -0.0695734 0.0071887 0.4111674 -0.0696484 0.9088668
1664524576.297741 0.0701837 -0.0451937 -0.0755537 0.0057837 0.4116338 -0.0683364 0.9087653
1664524576.797683 0.0693984 -0.0152949 -0.0860376 -0.0021713 0.4154866 -0.0723513 0.9067147
1664524577.197773 0.0656324 0.0057958 -0.0955157 -0.0240463 0.4317636 -0.0741583 0.8986115
1664524578.097814 0.0302780 0.0312340 -0.0672264 -0.0563935 0.2737762 -0.0409063 0.9592670
1664524578.597636 -0.0130901 0.0448077 -0.0546707 -0.0765573 0.1000088 -0.0126243 0.9919567
1664524578.797734 -0.0276020 0.0476461 -0.0509958 -0.0665340 0.0357961 -0.0140646 0.9970427
1664524578.997775 -0.0469568 0.0516547 -0.0536653 -0.0669232 -0.0732600 -0.0012570 0.9950642
1664524579.197722 -0.0522203 0.0585217 -0.0526475 -0.0708016 -0.2084797 0.0033055 0.9754550
1664524579.497691 -0.0350067 0.0986031 -0.0535963 -0.0327238 -0.4173515 -0.0038635 0.9081475
1664524579.697778 -0.0352087 0.0794045 -0.0739344 -0.0538186 -0.4465944 -0.0005975 0.8931162
1664524579.897825 -0.0277783 0.0684995 -0.0872776 -0.0611162 -0.4550999 0.0156622 0.8882025
1664524580.097844 -0.0190021 0.0717537 -0.1008673 -0.0719019 -0.4519530 0.0312994 0.8885882
1664524580.298026 -0.0148125 0.0752903 -0.1385840 -0.0977883 -0.4450852 0.0112287 0.8900622
1664524581.397789 -0.0506236 0.0939193 -0.0842399 -0.0674514 -0.4798109 -0.0033321 0.8747689
1664524581.597840 -0.0842738 0.0971094 -0.0639009 -0.0617709 -0.4739244 0.0055288 0.8783789
1664524581.797949 -0.1403358 0.0938314 -0.0378136 -0.0500947 -0.4656240 0.0283578 0.8831086
1664524581.997885 -0.1792621 0.0873475 -0.0260228 -0.0499150 -0.4584790 0.0398966 0.8864050
1664524582.297969 -0.2071206 0.1003792 0.0083991 -0.0570528 -0.4582816 0.0231782 0.8866711
1664524582.697979 -0.3252260 0.1231330 0.1255876 -0.0429982 -0.4518256 0.0360805 0.8903386
1664524583.095834 -0.4484405 0.1379353 0.2268479 -0.0580058 -0.4798932 0.0326424 0.8747985
1664524583.295797 -0.4743457 0.1512281 0.2434601 -0.0754996 -0.4740424 0.0238676 0.8769345
1664524583.695794 -0.5877414 0.1649132 0.2992303 -0.0613433 -0.4627002 0.0255226 0.8840216
1664524583.895773 -0.6507178 0.1463211 0.3065455 -0.0512569 -0.4562559 0.0366014 0.8876167
1664524584.095751 -0.7007750 0.1590712 0.3468484 -0.0575550 -0.4535233 0.0378840 0.8885767
1664524584.595779 -0.8740625 0.1873797 0.4921691 -0.0555047 -0.4714833 0.0331991 0.8795003
1664524584.795750 -0.9326773 0.1980819 0.5639974 -0.0643653 -0.4837472 0.0225462 0.8725466
1664524584.995778 -0.9915304 0.2036628 0.5996134 -0.0799150 -0.4864790 0.0194578 0.8698123
1664524585.395700 -1.0749124 0.2434936 0.6057701 -0.0505478 -0.4641988 0.0284624 0.8838294
1664524585.595639 -1.1391325 0.2476877 0.6062153 -0.0533253 -0.4472136 0.0337735 0.8921973
1664524585.795582 -1.1838495 0.2650920 0.5912103 -0.0648754 -0.4377369 0.0286282 0.8963025
1664524585.995527 -1.2152016 0.2954511 0.5981932 -0.0500006 -0.4430586 0.0246681 0.8947572
1664524586.295259 -1.2990081 0.3603993 0.5785875 -0.0407715 -0.4392195 0.0293032 0.8969755
1664524586.495549 -1.3707502 0.3723084 0.6306496 -0.0283862 -0.4513975 0.0214990 0.8916121
1664524586.695271 -1.4757067 0.3615946 0.7329779 -0.0378412 -0.4503288 0.0176087 0.8918868
1664524587.195251 -1.6709734 0.2475036 0.8878199 -0.0469612 -0.4400043 0.0351332 0.8960785
1664524587.395195 -1.7963984 0.2986390 1.0292451 -0.0516086 -0.4417843 0.0461863 0.8944440
1664524587.595211 -1.8429399 0.3104906 1.0440915 -0.0527801 -0.4470024 0.0395610 0.8920977
1664524587.895217 -1.8742746 0.3326454 1.0694028 -0.0658634 -0.4492966 0.0307052 0.8904222
1664524588.097339 -1.9062710 0.3436090 1.0801791 -0.0497046 -0.4570057 0.0236777 0.8877583
1664524588.397820 -1.9569066 0.3673474 1.0736148 -0.0569570 -0.4517476 0.0143099 0.8902107
1664524588.697820 -2.0588317 0.3911008 1.1053247 -0.0361914 -0.4273162 0.0243181 0.9030503
1664524588.997674 -2.1837673 0.4096389 1.1611867 -0.0292986 -0.4123061 0.0445536 0.9094836
1664524589.297660 -2.2548454 0.4064448 1.2520959 -0.0398411 -0.4213154 0.0323822 0.9054599
1664524589.597608 -2.3230202 0.4155092 1.2718606 -0.0422318 -0.4174111 0.0347026 0.9070724
1664524589.897586 -2.3900228 0.4074197 1.4420290 -0.0390924 -0.4418567 0.0337319 0.8955985
1664524590.297606 -2.5065582 0.4443255 1.5228903 -0.0638462 -0.4642974 0.0216405 0.8831101
1664524590.597602 -2.6390190 0.4498032 1.5725081 -0.0494398 -0.4678230 0.0314628 0.8818771
1664524590.897493 -2.7535970 0.4552856 1.6172544 -0.0578473 -0.4631870 0.0375857 0.8835717
1664524591.197628 -2.8215187 0.4738372 1.7133802 -0.0665836 -0.4728627 0.0324061 0.8780190
1664524591.497611 -2.9183733 0.4802241 1.7505785 -0.0432429 -0.4797698 0.0477235 0.8750278
1664524591.797532 -2.9811416 0.4957516 1.8087782 -0.0478510 -0.4876090 0.0294525 0.8712521
1664524592.097692 -3.0641341 0.5150053 1.8964672 -0.0693907 -0.4758812 0.0193247 0.8765550
1664524592.397641 -3.1785502 0.5244275 1.9598237 -0.0558136 -0.4561416 0.0336466 0.8875178
1664524592.697582 -3.2991796 0.5231866 2.0237098 -0.0588644 -0.4545314 0.0407784 0.8878476
1664524593.097654 -3.4129019 0.5716610 2.0793996 -0.0767098 -0.4605695 0.0228496 0.8840076
1664524593.397700 -3.5165980 0.5932723 2.1794903 -0.0598670 -0.4635826 0.0286500 0.8835646
1664524593.697623 -3.5998068 0.6082535 2.2496774 -0.0587955 -0.4693343 0.0169049 0.8808988
1664524593.997613 -3.7057400 0.6503886 2.2712703 -0.0553774 -0.4476027 0.0157441 0.8923774
1664524594.297691 -3.8392117 0.6510748 2.3206930 -0.0483032 -0.4334502 0.0280658 0.8994444
1664524594.597670 -3.9560099 0.6749752 2.3506932 -0.0661063 -0.4226677 0.0223637 0.9035940
1664524594.895231 -4.0576262 0.7218101 2.4006810 -0.0680908 -0.4171131 0.0148383 0.9061790
1664524595.395275 -4.2442479 0.7121868 2.6659846 -0.0651186 -0.4583527 0.0081663 0.8863439
1664524595.795208 -4.4323874 0.7428302 2.7701406 -0.0676556 -0.4420400 0.0218891 0.8941724
1664524596.095154 -4.5916557 0.8312846 2.5763793 -0.0517226 -0.4140261 0.0341974 0.9081508
1664524596.395162 -4.7196641 0.8733517 2.6021852 -0.0646863 -0.4097524 0.0149860 0.9097770
1664524596.695279 -4.7957592 0.7954967 3.0424178 -0.0644540 -0.4457703 0.0220583 0.8925515
1664524597.195310 -4.9933810 0.8480310 3.2103589 -0.0868945 -0.4397964 0.0071957 0.8938550
1664524597.595355 -5.1913242 0.8551622 3.3378656 -0.0599183 -0.4403545 0.0350049 0.8951383
1664524598.095462 -5.3659267 0.9006940 3.5083895 -0.0803503 -0.4492511 0.0259812 0.8894057
1664524598.495413 -5.4908175 0.9187907 3.6614580 -0.0691908 -0.4572038 0.0191895 0.8864588
1664524598.795470 -5.5912757 0.9444836 3.7370386 -0.0814726 -0.4463921 0.0134235 0.8910196
1664524599.295624 -5.8396378 0.9513471 3.8215983 -0.0518962 -0.4574391 0.0377455 0.8869226
1664524599.595740 -5.9547582 0.9782297 3.8734136 -0.0861690 -0.4756201 0.0251910 0.8750575
1664524599.997936 -6.1068687 1.0074102 3.9884226 -0.0757107 -0.4712616 0.0208312 0.8784909
1664524600.197799 -6.1763949 1.0098406 4.0611377 -0.0436271 -0.4557627 0.0147478 0.8889091
1664524600.497891 -6.2607732 1.0452645 4.1488276 -0.0788843 -0.4075687 -0.0224808 0.9094831
1664524600.797388 -6.3782392 1.0587138 4.2180691 -0.0739830 -0.3594682 -0.0166288 0.9300714
1664524601.097990 -6.5081100 1.0575297 4.2851529 -0.0581998 -0.3233675 0.0078609 0.9444493
1664524601.397964 -6.6099124 1.0832975 4.3431296 -0.0862304 -0.3249377 0.0031161 0.9417910
1664524601.998016 -6.8476629 1.3247800 4.1229601 -0.0188462 -0.3436245 0.0410274 0.9380212
1664524602.297932 -6.9310722 1.1461604 4.5968661 -0.0831768 -0.4528455 0.0069284 0.8876738
1664524602.597948 -7.0552435 1.1701024 4.6624603 -0.0814068 -0.4757406 -0.0014751 0.8758092
1664524602.897990 -7.2075667 1.1680236 4.7310796 -0.0470438 -0.4855553 0.0304359 0.8724086
1664524603.197681 -7.3159332 1.1803484 4.7908049 -0.0557710 -0.5004062 0.0306779 0.8634478
1664524604.097603 -7.1323299 2.4743786 4.6513433 0.1794575 -0.4409907 0.1233464 0.8706940
1664524604.597495 -7.9135766 1.0728793 4.2010159 -0.0737571 -0.1577918 -0.0017807 0.9847123
1664524604.797613 -7.7662568 1.0135688 4.6055150 -0.1108162 -0.1379589 0.0039196 0.9842113
1664524605.097678 -7.5161176 1.2158276 5.0689268 -0.0528640 -0.1669387 -0.0036236 0.9845425
1664524605.697534 -7.5507421 1.2286967 5.0632219 -0.0523302 -0.2503850 0.0067728 0.9667072
1664524606.197470 -7.9670362 1.3200420 4.3191810 -0.0192140 -0.1571440 0.0120729 0.9873149
1664524606.895718 -8.0674419 1.3015523 3.9836717 -0.0079481 -0.2043850 0.0087176 0.9788195
1664524607.195049 -7.6443715 1.2269776 4.9975863 -0.0680579 -0.3914405 0.0312219 0.9171520
1664524607.495464 -7.9812622 1.4520091 4.2280469 0.0038083 -0.2826114 0.0275433 0.9588313
1664524607.795850 -7.7276669 1.2345749 5.0622396 -0.0464216 -0.4700175 0.0352402 0.8807309
1664524608.095824 -7.6019187 1.3091440 5.5073085 -0.0456277 -0.6452997 0.0456285 0.7611995
1664524608.395409 -7.4829679 1.4897132 5.8564644 -0.0195378 -0.7748929 0.0954134 0.6245443
1664524608.694510 -7.6813235 1.4979565 5.5940146 -0.0216615 -0.7910879 0.1057180 0.6021082
1664524608.995150 -7.8127899 1.2068946 4.9246683 -0.0552437 -0.7762456 0.0730253 0.6237454
1664524609.795290 -7.7870274 1.2907764 5.0760393 -0.0323930 -0.8300149 0.0883338 0.5497483
1664524610.395127 -7.7513971 1.2832162 5.0437965 -0.0280534 -0.8290478 0.0925807 0.5507463
1664524610.795237 -7.7268524 1.1896392 4.8049526 -0.0356257 -0.8478773 0.0832823 0.5223971
1664524611.295299 -7.6397510 1.1223409 4.5846219 -0.0432855 -0.8655658 0.0842331 0.4917593
1664524611.597607 -7.5699053 1.0809219 4.5115547 -0.0496601 -0.8858747 0.0890430 0.4525830
1664524612.299311 -7.5874949 1.1541877 4.6772556 -0.0294187 -0.9645200 0.1038509 0.2409372
1664524612.597568 -7.5746317 1.1391196 4.6281242 -0.0312893 -0.9757101 0.0922271 0.1962272
1664524612.898322 -7.6187954 1.1068639 4.5635161 -0.0248018 -0.9875219 0.0985899 0.1202724
1664524613.198288 -7.5939174 1.1194217 4.5375333 -0.0243858 -0.9931397 0.1096046 0.0326406
1664524613.397612 -7.5819812 1.1242572 4.5030813 0.0257330 0.9922701 -0.1176759 0.0298359
1664524613.697212 -7.6133237 1.0700413 4.4999185 0.0431269 0.9817613 -0.1154885 0.1447322
1664524613.897189 -7.5527759 1.0609126 4.5784798 0.0330501 0.9704489 -0.1090210 0.2127231
1664524614.097756 -7.5285473 1.0705695 4.5932379 0.0549539 0.9525721 -0.1174313 0.2753116
1664524614.298053 -6.9852428 0.9507272 4.6010890 -0.0178564 0.9338324 -0.0689400 0.3505504
1664524615.699175 -5.4538574 0.9851045 3.2058811 0.0384896 0.7174042 -0.1286909 0.6835850
1664524616.098164 -5.2465410 0.9561863 3.0904944 0.0227067 0.6618437 -0.1248674 0.7388203
1664524616.497750 -5.2611499 0.8778286 3.1484489 0.0155466 0.6285591 -0.0985038 0.7713423
1664524616.697578 -5.2708416 0.9042535 3.2200911 0.0089618 0.6185478 -0.1015742 0.7791027
1664524616.797562 -5.2050037 0.8472050 3.2300396 0.0152586 0.6058414 -0.0822937 0.7911708
1664524616.997648 -5.1247582 0.8370026 3.2238305 0.0143174 0.5918581 -0.0785736 0.8020756
1664524617.997626 -5.2236800 0.9278126 3.0263562 0.0314016 0.6716606 -0.1254388 0.7294869
1664524618.595176 -5.7138968 0.9267884 3.1815014 0.0252347 0.7675409 -0.1145375 0.6301787
1664524618.795290 -5.5866899 1.0867625 3.6355431 0.0500198 0.8499056 -0.1574425 0.5003703
1664524619.095111 -5.0448461 0.8824191 3.2913289 0.0199234 0.8840778 -0.1015373 0.4557409
1664524619.395231 -5.0555682 0.9068562 3.2307231 0.0509121 0.8753702 -0.1339033 0.4617413
1664524619.696001 -5.0593076 0.9080656 3.1797628 0.0638104 0.8659461 -0.1571046 0.4705144
1664524619.995116 -5.0055275 0.8972436 3.2245216 0.0468860 0.9148322 -0.1391342 0.3761987
1664524620.595209 -4.9766159 0.8779780 3.2212617 0.0441925 0.9599591 -0.1336493 0.2422050
1664524621.295081 -4.9705873 0.8820364 3.2037015 0.0512770 0.9632850 -0.1303278 0.2290577
1664524621.795191 -4.9910407 0.8725613 3.1781054 0.0550810 0.9714575 -0.1245993 0.1941945
1664524622.395146 -5.0603008 0.8831424 3.1255836 0.0702601 0.9808290 -0.1441597 0.1107073
1664524622.995336 -4.9642086 0.9784297 3.4047089 -0.0783048 -0.9797050 0.1503540 0.1069587
1664524623.295180 -4.7177372 1.0182762 3.9069598 -0.0418691 -0.9603503 0.1355402 0.2400063
1664524623.697684 -4.4813504 0.8864052 3.2578139 -0.0296012 -0.8974065 0.1066583 0.4270940
1664524624.197662 -4.6766887 0.8642613 3.0760927 -0.0210707 -0.8679672 0.1195204 0.4815637
1664524624.797616 -4.7989731 0.8557029 3.0486088 -0.0284894 -0.8744611 0.0930620 0.4752323
1664524625.097683 -4.8281579 0.8479609 3.0288730 -0.0198933 -0.8743700 0.0943505 0.4755830
1664524625.397607 -4.8629708 0.8480868 3.0076847 -0.0103856 -0.8745917 0.1088562 0.4723681
1664524625.697597 -4.8936858 0.8456945 3.0042090 -0.0226320 -0.8861989 0.0944822 0.4530039
1664524625.997477 -4.9293504 0.8453404 2.9902785 -0.0213232 -0.8872230 0.0914625 0.4516807
1664524626.297312 -4.9460740 0.8341252 2.9642262 -0.0315402 -0.8819671 0.0949364 0.4605720
1664524626.697513 -4.9703884 0.8417277 2.9388742 -0.0325286 -0.8879375 0.1026158 0.4471897
1664524626.997593 -4.9744167 0.8451929 2.9117618 -0.0271718 -0.8858874 0.0866125 0.4549322
1664524627.296989 -5.0287657 0.8346028 2.9205949 -0.0350100 -0.9023713 0.0936743 0.4191964
1664524627.597604 -5.0191455 0.8469348 2.8910823 -0.0159738 -0.8936422 0.1028147 0.4365517
1664524627.897545 -5.0524025 0.8408846 2.8849406 -0.0233452 -0.9058993 0.0761899 0.4159286
1664524628.397525 -5.0747752 0.8407669 2.8346472 -0.0279169 -0.8887189 0.0951176 0.4476068
1664524628.697608 -5.1168823 0.8305364 2.8331990 -0.0306075 -0.8995488 0.0894082 0.4264757
1664524628.997611 -5.0912395 0.8344300 2.7922199 -0.0277688 -0.8807472 0.0830811 0.4654149
1664524629.297618 -5.1428199 0.8279915 2.8020701 -0.0326979 -0.9012877 0.0888833 0.4227425
1664524629.597587 -5.1826034 0.8265392 2.7968125 -0.0225221 -0.9117114 0.0972173 0.3985273
1664524629.897622 -5.1889830 0.8267605 2.7779245 -0.0204374 -0.9122778 0.0798321 0.4011964
1664524630.195331 -5.2137594 0.8257596 2.7624910 -0.0311186 -0.9076313 0.0672084 0.4131830
1664524630.595321 -5.2236710 0.8216151 2.7190351 -0.0268481 -0.8881260 0.0894506 0.4500112
1664524630.894153 -5.2455254 0.8196211 2.7116156 -0.0347886 -0.8947545 0.0835109 0.4372987
1664524631.195252 -5.2629695 0.8225907 2.6999674 -0.0412962 -0.9027258 0.0793639 0.4208116
1664524631.395410 -5.2835035 0.8186675 2.6958704 -0.0360754 -0.9132895 0.0864029 0.3964031
1664524631.695251 -5.2968478 0.8191749 2.6779923 -0.0125576 -0.9162536 0.0870846 0.3908172
1664524631.995392 -5.2958946 0.8212487 2.6505041 -0.0223208 -0.9091272 0.0611163 0.4114054
1664524632.294139 -5.3203440 0.8213805 2.6380939 -0.0215509 -0.9053276 0.0632249 0.4194286
1664524632.595467 -5.3364010 0.8139436 2.6182060 -0.0313101 -0.8997045 0.0875587 0.4264799
1664524632.895438 -5.3496132 0.8139454 2.6030908 -0.0568691 -0.8977032 0.0749590 0.4304369
1664524633.294322 -5.3607788 0.8181532 2.5678148 -0.0428532 -0.8919096 0.0742590 0.4440120
1664524633.494370 -5.3839011 0.8116745 2.5695152 -0.0464240 -0.9060057 0.0724794 0.4144214
1664524633.795262 -5.3885236 0.8140630 2.5437608 -0.0326428 -0.8916368 0.0551210 0.4481964
1664524634.095231 -5.4115849 0.8151312 2.5441713 -0.0460449 -0.8916177 0.0410010 0.4485720
1664524634.395201 -5.4122796 0.8189639 2.5085406 -0.0239463 -0.8534988 0.0500240 0.5181352
1664524634.694882 -5.4440436 0.8072008 2.5134263 -0.0318709 -0.8792284 0.0637043 0.4710449
1664524634.995199 -5.4527307 0.8048867 2.4958019 -0.0480949 -0.8772502 0.0808093 0.4707324
1664524635.297496 -5.4631653 0.8069180 2.4826322 -0.0622663 -0.8814078 0.0721423 0.4626430
1664524635.597583 -5.4808650 0.8063074 2.4730475 -0.0560487 -0.8939953 0.0862923 0.4361016
1664524635.897518 -5.4940701 0.8051403 2.4567151 -0.0559192 -0.8943458 0.1015205 0.4321022
1664524636.197622 -5.5175271 0.8067374 2.4541597 -0.0510415 -0.9102822 0.0829914 0.4023601
1664524636.497192 -5.5137868 0.7999171 2.4285431 -0.0493548 -0.8799950 0.0536551 0.4693550
1664524636.797567 -5.5357146 0.8049926 2.4185176 -0.0551270 -0.8724849 0.0930172 0.4765279
1664524637.097637 -5.5551763 0.7994855 2.4077935 -0.0472047 -0.8925419 0.0967614 0.4379248
1664524637.397635 -5.5639782 0.8019267 2.3964996 -0.0534665 -0.9108385 0.0822998 0.4009257
1664524637.697597 -5.5696402 0.8013453 2.3871167 -0.0553121 -0.9192647 0.0736893 0.3827048
1664524637.997546 -5.5781555 0.7993523 2.3794303 -0.0483457 -0.9434102 0.0924626 0.3147864
1664524638.297713 -5.5847120 0.7988883 2.3737497 -0.0436445 -0.9488057 0.0987292 0.2968424
1664524638.597623 -5.5906749 0.7998981 2.3722239 -0.0448735 -0.9272957 0.1010709 0.3576224
1664524638.897715 -5.5986938 0.8020979 2.3758986 -0.0291239 -0.8873587 0.0846232 0.4523112
1664524639.097830 -5.5981002 0.8003802 2.3768845 -0.0439218 -0.8343347 0.0760905 0.5442119
1664524639.297750 -5.5987868 0.8020179 2.3805876 -0.0449122 -0.7822139 0.0792745 0.6163117
1664524639.497772 -5.5969219 0.8014740 2.3849006 -0.0412685 -0.7278498 0.0639486 0.6814999
1664524639.797676 -5.5935946 0.8005703 2.3829544 -0.0273605 -0.7152259 0.0636798 0.6954482
1664524640.097685 -5.5971212 0.7985929 2.3820887 -0.0340413 -0.8372572 0.0694486 0.5413119
1664524640.397671 -5.5933933 0.7989887 2.3703685 -0.0405668 -0.9182070 0.0813389 0.3855309
1664524640.697718 -5.5873828 0.7978255 2.3595891 -0.0483296 -0.9472273 0.1012796 0.3002786
1664524640.997665 -5.5864987 0.7978125 2.3554895 -0.0718800 -0.9656445 0.0988491 0.2293313
1664524641.297576 -5.5819268 0.7984064 2.3508477 -0.0787771 -0.9743242 0.1049279 0.1829666
1664524641.597697 -5.5773373 0.8010235 2.3457434 -0.0436838 -0.9832280 0.1228438 0.1275305
1664524641.895436 -5.5703659 0.7957295 2.3432355 -0.0665407 -0.9914057 0.1102614 0.0230153
1664524642.195550 -5.5623574 0.7936713 2.3416033 0.0660654 0.9906796 -0.0999478 0.0648063
1664524642.495519 -5.5547633 0.7942604 2.3405914 0.0589667 0.9831869 -0.0797966 0.1532940
1664524642.795463 -5.5463715 0.7945600 2.3383527 0.0493454 0.9586492 -0.0838845 0.2674325
1664524643.095544 -5.5399723 0.7922579 2.3341913 0.0395049 0.9201608 -0.0850100 0.3801539
1664524643.395451 -5.5349922 0.7871222 2.3338399 0.0419230 0.8861641 -0.0737579 0.4555384
1664524643.695470 -5.5375953 0.7819929 2.3171625 0.0334225 0.8315791 -0.0767828 0.5490569
1664524643.995451 -5.5294118 0.7880836 2.3405509 0.0305401 0.7854596 -0.0710546 0.6140615
1664524644.595536 -5.5224862 0.7927032 2.3606811 0.0308356 0.7080093 -0.0779392 0.7012115
1664524644.895499 -5.5187020 0.7935562 2.3687968 0.0301844 0.6622792 -0.0708790 0.7452860
1664524645.495503 -5.5120273 0.7964338 2.3862367 0.0024487 0.4761462 -0.0778848 0.8759069
1664524645.795555 -5.5093093 0.7999204 2.3905816 -0.0081902 0.3612564 -0.0751543 0.9293968
1664524646.095588 -5.5139995 0.7990760 2.3961296 -0.0090629 0.2628723 -0.0679348 0.9623932
1664524646.195688 -5.5163484 0.7994405 2.3980312 -0.0128301 0.2262205 -0.0616899 0.9720361
1664524646.395597 -5.5191345 0.8004259 2.3998575 -0.0228875 0.1425747 -0.0654867 0.9873501
1664524646.695644 -5.5288019 0.8012185 2.4019179 -0.0319917 0.0342132 -0.0576316 0.9972385
1664524646.897904 -5.5333104 0.8015356 2.4011643 -0.0336783 -0.0235362 -0.0591471 0.9974033
1664524647.297915 -5.5387578 0.8023807 2.3990452 -0.0359110 -0.0851507 -0.0570742 0.9940837
1664524647.697907 -5.5347118 0.8035124 2.3985102 -0.0350708 -0.0154817 -0.0581389 0.9975722
1664524647.897907 -5.5293021 0.8031142 2.3983116 -0.0279298 0.0670792 -0.0624112 0.9954021
1664524647.997922 -5.5260119 0.8028984 2.3975525 -0.0228303 0.1182124 -0.0653086 0.9905752
1664524648.198067 -5.5202799 0.8015382 2.3956256 -0.0140421 0.2322487 -0.0730957 0.9698043
1664524648.297914 -5.5172324 0.8008080 2.3939309 -0.0089312 0.2878691 -0.0766748 0.9545537
1664524648.497920 -5.5083556 0.8014791 2.3846641 0.0037450 0.3934027 -0.0820656 0.9156886
1664524648.797930 -5.5075383 0.7972825 2.3785598 0.0038182 0.5544233 -0.0836143 0.8280151
1664524649.097949 -5.5055847 0.7902753 2.3652802 -0.0118998 0.6802259 -0.0801870 0.7285061
1664524649.397999 -5.5085635 0.7897249 2.3551328 -0.0010433 0.7752866 -0.0896899 0.6252083
1664524649.697949 -5.5156198 0.7823260 2.3428693 0.0007760 0.8259245 -0.0639978 0.5601363
1664524650.297881 -5.5054927 0.7888127 2.3472648 0.0159439 0.8789208 -0.0569161 0.4732914
1664524650.597895 -5.4964662 0.7881721 2.3497880 0.0221555 0.8826138 -0.0536175 0.4665055
1664524650.897824 -5.4966669 0.7727554 2.3297663 0.0131410 0.8780288 -0.0241304 0.4778183
1664524651.197946 -5.4815969 0.7849306 2.3382797 0.0120302 0.8814300 -0.0502315 0.4694816
1664524651.497802 -5.4784913 0.7738488 2.3259268 0.0225995 0.8806516 -0.0767378 0.4669616
1664524651.797477 -5.4863157 0.7517489 2.3022411 0.0154846 0.8676673 -0.0535779 0.4940070
1664524652.097780 -5.4634233 0.7695200 2.3086572 0.0150744 0.8799521 -0.0692758 0.4697422
1664524652.497689 -5.4991016 0.7063550 2.4526184 0.0183382 0.9133974 -0.0494463 0.4036383
1664524652.797706 -5.5115337 0.6843430 2.3621306 0.0172060 0.8914104 -0.0090090 0.4527809
1664524653.297596 -5.4380054 0.7387292 2.3200700 0.0273316 0.8878253 -0.0485551 0.4567952
1664524653.695204 -5.4375954 0.8109658 2.2882347 0.0338857 0.8768225 -0.1372939 0.4595481
1664524654.195484 -5.4102216 0.6933164 2.3193316 0.0046601 0.8964675 -0.0082615 0.4430082
1664524654.595199 -5.3630147 0.7353406 2.2867136 0.0301975 0.8982397 -0.0370434 0.4368998
1664524655.095061 -5.3657017 0.6358664 2.3244681 0.0163877 0.8938771 0.0501858 0.4451928
1664524655.495165 -5.3376961 0.6720713 2.2559562 0.0251271 0.8852629 0.0088340 0.4643278
1664524655.995092 -5.2956915 0.7277001 2.2294321 0.0081812 0.8918297 -0.0382326 0.4506784
1664524656.395149 -5.2608743 0.7366143 2.2090759 0.0281529 0.8893371 -0.0690432 0.4511321
1664524656.895101 -5.2320766 0.7468551 2.2000875 0.0164310 0.8935549 -0.0545121 0.4453290
1664524657.295127 -5.2089629 0.7356539 2.1691127 0.0298661 0.8889780 -0.0732811 0.4510612
1664524657.797118 -5.1918168 0.7338131 2.1369400 0.0176790 0.8814926 -0.0419631 0.4699971
1664524658.195240 -5.1545930 0.7280659 2.1321990 0.0357622 0.8898922 -0.0813259 0.4474359
1664524658.597769 -5.1328530 0.7214779 2.1147966 0.0222117 0.8916361 -0.0379469 0.4506128
1664524658.997658 -5.1244717 0.7147668 2.0687201 0.0305508 0.8628730 -0.0558352 0.5013975
1664524659.397668 -5.0921602 0.7227371 2.0845208 0.0048476 0.8827432 -0.0607385 0.4658883
1664524659.897704 -5.0616765 0.7210509 2.0818233 0.0219333 0.9148574 -0.0565138 0.3992002
1664524660.298573 -5.0356088 0.7187686 2.0767629 0.0303168 0.9236200 -0.0564591 0.3779146
1664524660.597728 -5.0329099 0.6689667 2.0759873 0.0308010 0.9189382 0.0399095 0.3911661
1664524661.097840 -4.9969020 0.7177150 2.0445521 0.0341880 0.9178767 -0.0786760 0.3874840
1664524661.397782 -4.9869275 0.7128637 2.0254107 0.0219566 0.9105309 -0.0497167 0.4098531
1664524661.797813 -4.9600801 0.7167822 2.0157948 0.0170264 0.9099767 -0.0436505 0.4120037
1664524662.297615 -4.9314232 0.7082993 2.0045023 0.0308854 0.9067297 -0.0582300 0.4165294
1664524662.697788 -4.9131746 0.7080537 1.9873198 0.0211936 0.9006804 -0.0610253 0.4296525
1664524663.197773 -4.8968420 0.7043341 1.9672477 0.0055521 0.8929173 -0.0743829 0.4439991
1664524663.597787 -4.8811808 0.7033799 1.9579695 0.0085852 0.8947282 -0.0723586 0.4406269
1664524664.097862 -4.8503103 0.6985525 1.9453371 0.0203584 0.9007301 -0.0711113 0.4280353
1664524664.497733 -4.8308883 0.6977445 1.9357858 0.0117385 0.8940333 -0.0566435 0.4442504
1664524664.797908 -4.8150001 0.6933955 1.9196883 0.0274696 0.8943326 -0.0626465 0.4421426
1664524665.297446 -4.7950253 0.6956558 1.9061018 0.0005779 0.8919232 -0.0711045 0.4465608
1664524665.695704 -4.7749405 0.6889062 1.8972983 0.0069468 0.8992458 -0.0798858 0.4300315
1664524666.195547 -4.7433286 0.6830546 1.8847218 0.0248676 0.8937117 -0.0702492 0.4424091
1664524666.695312 -4.7212644 0.6684970 1.9141270 0.0247296 0.9056475 -0.0380661 0.4215945
1664524667.095221 -4.7005339 0.6742228 1.8496151 0.0101560 0.8848962 -0.0784326 0.4590252
1664524667.495144 -4.6715784 0.6735308 1.8416990 0.0116888 0.8999067 -0.0773427 0.4290100
1664524667.995097 -4.6383314 0.6670418 1.8235197 0.0258678 0.8960173 -0.0763232 0.4366449
1664524668.395166 -4.6173716 0.6655117 1.8080655 0.0253957 0.8811341 -0.0593027 0.4684454
1664524668.894906 -4.5993023 0.6540893 1.7959555 0.0154493 0.8765777 -0.0528219 0.4781033
1664524669.294889 -4.5822868 0.6443959 1.7906252 0.0143233 0.8908695 -0.0537514 0.4508406
1664524669.794866 -4.5521851 0.6257463 1.7703264 0.0293501 0.8966728 -0.0467132 0.4392431
1664524670.195746 -4.5494094 0.5297254 1.8360884 0.0091607 0.9102595 0.0229681 0.4132992
1664524670.697869 -4.4922361 0.6318175 1.7233125 0.0098324 0.8831249 -0.0748825 0.4630189
1664524671.098256 -4.4630451 0.6327256 1.7078068 0.0083860 0.8939685 -0.0701749 0.4425220
1664524671.597878 -4.4279757 0.6259626 1.6816781 0.0279032 0.8985921 -0.0624060 0.4334274
1664524671.997309 -4.4013214 0.6299572 1.6676655 0.0231952 0.8959407 -0.0556262 0.4400656
1664524672.497227 -4.3742304 0.6215415 1.6383463 0.0090874 0.8967658 -0.0627012 0.4379465
1664524672.897570 -4.3462067 0.6243478 1.6234510 0.0107338 0.9076077 -0.0563100 0.4158875
1664524673.398165 -4.3149638 0.6108218 1.6024524 0.0179893 0.9120556 -0.0568475 0.4057086
1664524673.797455 -4.2917485 0.6100294 1.5860642 0.0195129 0.9023832 -0.0693389 0.4248719
1664524674.297951 -4.2695594 0.5968821 1.5567967 0.0062699 0.8949967 -0.0478244 0.4434572
1664524674.697152 -4.2433171 0.5973209 1.5596895 -0.0044408 0.9062295 -0.0631873 0.4180142
1664524675.197608 -4.2117019 0.5886942 1.5434070 0.0177217 0.9089063 -0.0521399 0.4133479
1664524675.797528 -4.1367865 0.4748174 1.6923829 -0.0431515 0.9525401 -0.0020449 0.3013324
1664524676.397615 -4.1562228 0.5711848 1.4843792 -0.0083162 0.8896736 -0.0418324 0.4546009
1664524676.797457 -4.1253362 0.5678515 1.4831190 -0.0012132 0.8934904 -0.0551829 0.4456771
1664524677.295175 -4.1036024 0.5621591 1.4659765 0.0026052 0.8948859 -0.0444116 0.4440723
1664524677.595099 -4.0912027 0.5591369 1.4508760 0.0141575 0.8895431 -0.0457772 0.4543317
1664524677.895273 -4.0919304 0.5057729 1.3722389 -0.0129196 0.8527556 0.0050860 0.5221254
1664524678.295243 -4.0575032 0.5556970 1.4108719 -0.0002153 0.8916209 -0.0377912 0.4512030
1664524678.595180 -4.0378170 0.5521556 1.4014993 0.0123494 0.9042982 -0.0471564 0.4241093
1664524678.795365 -4.0239940 0.5477437 1.3956447 0.0262857 0.8999518 -0.0568372 0.4314691
1664524679.095062 -4.0079184 0.5471127 1.3866074 0.0097548 0.8973830 -0.0355030 0.4397135
1664524679.395155 -3.9929590 0.5473568 1.3718951 0.0031335 0.8921567 -0.0282165 0.4508329
1664524679.795156 -3.9731145 0.5405641 1.3503286 -0.0122229 0.8863569 -0.0517203 0.4599426
1664524680.095170 -3.9586227 0.5394901 1.3447586 -0.0122173 0.8977579 -0.0139720 0.4400979
1664524680.395162 -3.9135849 0.4478507 1.4075967 -0.0433456 0.9311459 0.0899637 0.3507062
1664524680.695195 -3.9160295 0.5298268 1.3319679 0.0161881 0.9019315 -0.0210054 0.4310642
1664524680.995251 -3.8537147 0.4152869 1.4100175 -0.0689370 0.9347795 0.1393161 0.3194154
1664524681.295112 -3.8855147 0.5331526 1.2970271 -0.0010820 0.8957187 -0.0185312 0.4442337
1664524681.595114 -3.8697863 0.5311352 1.2764425 -0.0059218 0.8884082 -0.0470080 0.4566028
1664524681.895051 -3.8663180 0.5257020 1.2303135 -0.0194927 0.8689780 -0.0342381 0.4932799
1664524682.197409 -3.8360922 0.5303832 1.2507384 -0.0043494 0.8999720 -0.0523766 0.4327682
1664524682.397636 -3.8224564 0.5282516 1.2451147 0.0073724 0.8968810 -0.0609789 0.4379862
1664524682.697707 -3.8067527 0.5280681 1.2386489 0.0068889 0.8954987 -0.0315966 0.4438878
1664524682.997848 -3.7927878 0.5285539 1.2275053 0.0057757 0.8925536 -0.0207103 0.4504286
1664524683.297673 -3.7845283 0.5098695 1.1854401 -0.0154146 0.8745886 -0.0303827 0.4836675
1664524683.597588 -3.7694337 0.5089077 1.1768382 -0.0246000 0.8656440 -0.0265536 0.4993496
1664524683.897692 -3.7547505 0.5052936 1.1619658 -0.0224144 0.8750358 -0.0170728 0.4832377
1664524684.197663 -3.7241621 0.5255998 1.1791420 0.0068674 0.8928761 -0.0636563 0.4457273
1664524684.497717 -3.7050309 0.5195660 1.1725435 0.0080636 0.8966920 -0.0426447 0.4405221
1664524684.797635 -3.6889126 0.5228823 1.1607417 -0.0037619 0.8904439 -0.0302121 0.4540733
1664524685.097585 -3.6708379 0.5180243 1.1469735 0.0144793 0.8852818 -0.0443486 0.4627092
1664524685.397562 -3.6543171 0.5145277 1.1328475 -0.0113901 0.8834960 -0.0404788 0.4665477
1664524685.697551 -3.6382437 0.5168300 1.1243412 -0.0231310 0.8946255 -0.0326813 0.4450193
1664524685.997518 -3.6152654 0.5114743 1.1159236 -0.0069118 0.8969264 -0.0451861 0.4398109
1664524686.297713 -3.5947020 0.5038880 1.1088802 0.0258875 0.9027932 -0.0224837 0.4287061
1664524686.597550 -3.5757449 0.5026326 1.1025749 0.0054305 0.8944737 -0.0068072 0.4470358
1664524686.897609 -3.5564802 0.4933559 1.0870843 0.0066380 0.8891544 -0.0289418 0.4566431
1664524687.197661 -3.5112150 0.3714292 1.0932771 -0.1055865 0.8981956 0.1366550 0.4042542
1664524687.497955 -3.5304811 0.4921275 1.0616899 -0.0091364 0.8976977 -0.0193694 0.4400912
1664524687.797288 -3.5135474 0.4896693 1.0470711 -0.0171194 0.9075108 -0.0329029 0.4183882
1664524688.097590 -3.4952297 0.4870008 1.0343231 0.0080440 0.9029492 -0.0380339 0.4279855
1664524688.397318 -3.4919271 0.4613346 0.9848399 -0.0097481 0.8751484 0.0258137 0.4830673
1664524688.697689 -3.4688311 0.4866998 1.0103540 0.0069503 0.8991382 -0.0273963 0.4367513
1664524688.995091 -3.4562354 0.4849139 0.9957049 0.0035063 0.9014997 -0.0528258 0.4295295
1664524689.295099 -3.4443545 0.4862535 0.9861487 -0.0040553 0.8954388 -0.0411336 0.4432615
1664524689.595020 -3.4292157 0.4877197 0.9757438 -0.0038684 0.8987845 -0.0359674 0.4368958
1664524689.895379 -3.4115424 0.4838855 0.9641824 0.0178976 0.8963575 -0.0601825 0.4388635
1664524690.194897 -3.3964994 0.4839051 0.9535382 0.0192402 0.9002395 -0.0368306 0.4334079
1664524690.495272 -3.3818758 0.4830044 0.9358317 0.0120974 0.8976331 -0.0413955 0.4386286
1664524690.795178 -3.3673823 0.4784134 0.9175776 0.0132395 0.8879318 -0.0540809 0.4565930
1664524690.995228 -3.3601737 0.4754363 0.9063649 -0.0108919 0.8838152 -0.0307244 0.4666993
1664524691.195012 -3.3504825 0.4760181 0.9009029 -0.0225636 0.8855753 -0.0134903 0.4637515
1664524691.394969 -3.3322170 0.4267192 0.8031279 -0.0562741 0.8050320 0.0670315 0.5867397
1664524691.695033 -3.3191605 0.4739178 0.8864499 0.0128900 0.8878479 -0.0527382 0.4569231
1664524691.994777 -3.3053517 0.4770113 0.8887526 0.0056565 0.8895180 -0.0450225 0.4546414
1664524692.195439 -3.2950425 0.4784964 0.8824279 -0.0078977 0.8842697 -0.0391693 0.4652641
1664524692.394967 -3.2835970 0.4784303 0.8745334 0.0064281 0.8798895 -0.0594490 0.4714012
1664524692.594664 -3.2722421 0.4748792 0.8657361 0.0180612 0.8738713 -0.0733751 0.4802489
1664524692.695004 -3.2670097 0.4747303 0.8618723 0.0101230 0.8711593 -0.0695180 0.4859487
1664524692.894913 -3.2583005 0.4742439 0.8559202 0.0052375 0.8739135 -0.0506889 0.4834030
1664524693.097055 -3.2481060 0.4756612 0.8521021 -0.0012522 0.8777940 -0.0303083 0.4780771
1664524693.295057 -3.2359562 0.4749522 0.8460115 -0.0030444 0.8796991 -0.0440266 0.4734783
1664524693.495366 -3.2208841 0.4730420 0.8436546 0.0147543 0.8808210 -0.0472139 0.4708585
1664524693.595019 -3.2140212 0.4715124 0.8433579 0.0219070 0.8761250 -0.0605593 0.4777633
1664524693.795066 -3.2021079 0.4707802 0.8440821 0.0355678 0.8560620 -0.0497446 0.5132427
1664524693.895289 -3.1974771 0.4699832 0.8444900 0.0313281 0.8460889 -0.0501817 0.5297490
1664524694.097494 -3.1894815 0.4705870 0.8443253 0.0355918 0.8221867 -0.0423492 0.5665233
1664524694.197492 -3.1853919 0.4704723 0.8452109 0.0326027 0.8017935 -0.0430603 0.5951556
1664524697.697624 1.6216731 -0.5952402 -3.1555085 -0.0801191 0.3087773 -0.0417401 0.9468343
1664524697.997645 1.6367809 -0.5922501 -3.1160972 -0.0620908 0.3243043 -0.0482245 0.9426802
1664524698.297560 1.6479683 -0.5842568 -3.0852151 -0.0795399 0.3242867 -0.0403553 0.9417447
1664524698.397546 1.6534063 -0.5824903 -3.0755782 -0.0756516 0.3198991 -0.0372156 0.9436930
1664524698.597630 1.6668903 -0.5764962 -3.0530882 -0.0829669 0.3069209 -0.0262110 0.9477496
1664524698.697579 1.6751468 -0.5728902 -3.0419335 -0.0804271 0.3031855 -0.0243587 0.9492190
1664524698.897666 1.6954728 -0.5716172 -3.0159259 -0.0537300 0.3031719 -0.0374096 0.9506841
1664524698.997485 1.7060143 -0.5726701 -3.0047374 -0.0451171 0.3048229 -0.0494610 0.9500531
1664524699.197979 1.7231039 -0.5682673 -2.9838192 -0.0679048 0.3021361 -0.0474078 0.9496607
1664524699.397579 1.7387506 -0.5622531 -2.9661140 -0.0844510 0.3142561 -0.0474269 0.9443844
1664524699.597407 1.7520767 -0.5544127 -2.9420402 -0.0856208 0.3255123 -0.0495449 0.9403490
1664524699.797543 1.7686809 -0.5522395 -2.9147601 -0.0706391 0.3386836 -0.0497103 0.9369272
1664524699.897569 1.7757891 -0.5517803 -2.9019849 -0.0625955 0.3408105 -0.0456083 0.9369365
1664524700.097665 1.7909058 -0.5475739 -2.8780212 -0.0655851 0.3489723 -0.0312537 0.9343126
1664524700.397542 1.8153597 -0.5368637 -2.8511310 -0.0866411 0.3395417 -0.0184195 0.9364110
1664524700.696910 1.8554170 -0.5341561 -2.8200884 -0.0712478 0.3264089 -0.0227420 0.9422653
1664524700.895262 1.8803968 -0.5332413 -2.8022752 -0.0662991 0.3153631 -0.0402969 0.9457943
1664524701.095212 1.8964788 -0.5292196 -2.7871692 -0.0881932 0.3067613 -0.0380464 0.9469277
1664524701.295257 1.9131304 -0.5238075 -2.7686861 -0.0959977 0.3140671 -0.0349056 0.9438899
1664524701.595213 1.9378083 -0.5196012 -2.7272353 -0.0630591 0.3218082 -0.0475943 0.9435030
1664524701.895248 1.9610873 -0.5131408 -2.6864874 -0.0575082 0.3284090 -0.0305174 0.9422893
1664524702.195186 1.9846621 -0.5017037 -2.6554656 -0.0785901 0.3165112 -0.0231011 0.9450454
1664524702.495144 2.0221386 -0.4949271 -2.6231682 -0.0697123 0.3102741 -0.0288432 0.9476489
1664524702.795497 2.0524402 -0.4913357 -2.5934300 -0.0714460 0.2930041 -0.0475033 0.9522540
1664524703.095261 2.0752561 -0.4836394 -2.5670958 -0.0985402 0.3032787 -0.0440454 0.9467692
1664524703.395226 2.0963926 -0.4775046 -2.5284319 -0.0782787 0.3216805 -0.0500916 0.9422765
1664524703.695256 2.1105084 -0.4731389 -2.4830775 -0.0516914 0.3138167 -0.0487414 0.9468218
1664524703.995312 2.1302843 -0.4654340 -2.4530611 -0.0796248 0.3181899 -0.0386489 0.9438862
1664524704.295271 2.1574016 -0.4551292 -2.4215460 -0.0721656 0.3111803 -0.0403065 0.9467493
1664524704.595348 2.1916070 -0.4551509 -2.3901887 -0.0516351 0.3252709 -0.0641883 0.9420258
1664524704.895276 2.2142596 -0.4465935 -2.3647981 -0.0776666 0.3220657 -0.0564028 0.9418389
1664524705.195375 2.2348156 -0.4378302 -2.3331261 -0.0821394 0.3428941 -0.0541409 0.9342086
1664524705.495467 2.2546968 -0.4385154 -2.2938106 -0.0444228 0.3580683 -0.0574305 0.9308681
1664524705.797813 2.2710800 -0.4308966 -2.2683294 -0.0657352 0.3745345 -0.0512620 0.9234581
1664524706.097485 2.2979689 -0.4257453 -2.2511907 -0.0667972 0.3897611 -0.0465573 0.9173096
1664524706.397691 2.3359294 -0.4250196 -2.2346501 -0.0451391 0.4294175 -0.0681257 0.8994008
1664524706.697760 2.3669333 -0.4260977 -2.2288494 -0.0420662 0.4814103 -0.0822837 0.8716099
1664524706.997710 2.3850844 -0.4301547 -2.2288187 -0.0390250 0.5537009 -0.0718532 0.8286915
1664524707.297728 2.3891921 -0.4314522 -2.2268674 -0.0363712 0.5765396 -0.0739994 0.8128980
1664524707.697739 2.3876371 -0.4303294 -2.2181497 -0.0379951 0.5561712 -0.0748556 0.8268173
1664524708.197788 2.3815563 -0.4270953 -2.2031779 -0.0409247 0.4937715 -0.0681343 0.8659520
1664524708.597741 2.3818560 -0.4271081 -2.2011142 -0.0500970 0.5106313 -0.0721266 0.8553034
1664524708.897759 2.3684661 -0.4230179 -2.1835945 -0.0548992 0.4092354 -0.0621247 0.9086546
1664524709.097911 2.3554096 -0.4182312 -2.1718714 -0.0506002 0.3269498 -0.0531812 0.9421865
1664524709.397824 2.3392730 -0.4147663 -2.1590056 -0.0434241 0.2532864 -0.0333409 0.9658410
1664524709.697589 2.3325450 -0.4101793 -2.1478381 -0.0537350 0.2352722 -0.0274496 0.9700547
1664524710.697841 2.3206749 -0.4012514 -2.1205323 -0.0562674 -0.0104595 -0.0065833 0.9983392
1664524711.297800 2.2880926 -0.4026517 -2.1327026 -0.0649727 -0.2718304 0.0323242 0.9596052
1664524711.597939 2.2728260 -0.4033495 -2.1429682 -0.0671204 -0.3754208 0.0436035 0.9233921
1664524711.897864 2.2580018 -0.4051099 -2.1570468 -0.0658862 -0.4610601 0.0566674 0.8831034
1664524712.197854 2.2482276 -0.4067188 -2.1688633 -0.0615644 -0.5278520 0.0644945 0.8446435
1664524712.397885 2.2443161 -0.4093988 -2.1784966 -0.0586827 -0.5817629 0.0701351 0.8082014
1664524712.595751 2.2415071 -0.4118582 -2.1898167 -0.0590310 -0.6379902 0.0765031 0.7639576
1664524712.795671 2.2420490 -0.4162387 -2.2043853 -0.0549380 -0.7008584 0.0826857 0.7063586
1664524712.995685 2.2435794 -0.4203532 -2.2131855 -0.0514297 -0.7596178 0.0919506 0.6417795
1664524713.295640 2.2459698 -0.4217100 -2.2329524 -0.0554625 -0.8246786 0.1079828 0.5524208
1664524713.395621 2.2476373 -0.4228520 -2.2365162 -0.0563016 -0.8436266 0.1118093 0.5221330
1664524713.595446 2.2529278 -0.4256730 -2.2463162 -0.0582446 -0.8725939 0.1162662 0.4708183
1664524713.795705 2.2562327 -0.4276575 -2.2514184 -0.0594018 -0.8913243 0.1167964 0.4340170
1664524713.995576 2.2582107 -0.4298286 -2.2534614 -0.0605633 -0.8990204 0.1147268 0.4182492
1664524714.495537 2.2556319 -0.4246596 -2.2434103 -0.0562170 -0.8370547 0.1063496 0.5337308
1664524714.795286 2.2509670 -0.4197770 -2.2272935 -0.0546454 -0.7452086 0.1008499 0.6568922
1664524715.095287 2.2449789 -0.4180226 -2.2046580 -0.0590755 -0.6212109 0.0790653 0.7774032
1664524715.395238 2.2561622 -0.4101542 -2.1723104 -0.0524049 -0.4827015 0.0620666 0.8720097
1664524715.695179 2.2742853 -0.4057605 -2.1542206 -0.0547235 -0.3109946 0.0327135 0.9482709
1664524715.995154 2.3061144 -0.4039648 -2.1321416 -0.0570864 -0.1543611 0.0030413 0.9863593
1664524716.295137 2.3262849 -0.4025434 -2.1237831 -0.0593522 -0.0541594 -0.0100141 0.9967166
1664524716.595206 2.3315635 -0.4031128 -2.1166074 -0.0725066 -0.0192832 -0.0054471 0.9971667
1664524716.995189 2.3616834 -0.4052260 -2.1079123 -0.0664865 0.1386862 -0.0241042 0.9878080
1664524717.495170 2.4042935 -0.4029300 -2.1106002 -0.0655998 0.3307471 -0.0479943 0.9402124
1664524717.797639 2.4158697 -0.3974102 -2.1030316 -0.0786375 0.3243198 -0.0534389 0.9411574
1664524718.097588 2.4276381 -0.3934353 -2.0835679 -0.0679268 0.3162514 -0.0459127 0.9451260
1664524718.397555 2.4449794 -0.3893692 -2.0483649 -0.0604912 0.3064341 -0.0496531 0.9486693
1664524718.697577 2.4623744 -0.3885434 -2.0170302 -0.0351233 0.3058993 -0.0336746 0.9508196
1664524718.997889 2.4688373 -0.3832533 -1.9908729 -0.0419165 0.2501299 -0.0150965 0.9671866
1664524719.297573 2.4836171 -0.3761145 -1.9649932 -0.0452379 0.1993596 -0.0121973 0.9788057
1664524719.597601 2.4858367 -0.3685085 -1.9349558 -0.0441580 0.0497495 -0.0051684 0.9977716
1664524719.997530 2.4585543 -0.3595683 -1.9245837 -0.0686950 -0.2442105 0.0192615 0.9670943
1664524720.298433 2.4327245 -0.3567688 -1.9205110 -0.0962119 -0.3783520 0.0246069 0.9203193
1664524720.597537 2.3999639 -0.3538189 -1.9021161 -0.0662507 -0.4219472 0.0308499 0.9036700
1664524720.897599 2.3656788 -0.3501845 -1.8790284 -0.0810045 -0.4205752 0.0446504 0.9025305
1664524721.197678 2.3332248 -0.3411364 -1.8569819 -0.0940802 -0.4416977 0.0331533 0.8916014
1664524721.497594 2.2955770 -0.3359010 -1.8222795 -0.0782158 -0.4495001 0.0461759 0.8886506
1664524721.797714 2.2607539 -0.3332981 -1.7945215 -0.0660256 -0.4782329 0.0408382 0.8747950
1664524721.997646 2.2323961 -0.3277031 -1.7792411 -0.0636051 -0.4812280 0.0348961 0.8735881
1664524722.297620 2.1829588 -0.3239194 -1.7537193 -0.0669803 -0.4632891 0.0403649 0.8827500
1664524722.597567 2.1416805 -0.3210247 -1.7293851 -0.0786309 -0.4458237 0.0664962 0.8891774
1664524722.897598 2.1055331 -0.3102613 -1.7052277 -0.1020784 -0.4536642 0.0496571 0.8839133
1664524723.197664 2.0663757 -0.3031089 -1.6656586 -0.0897815 -0.4441561 0.0557127 0.8896969
1664524723.497694 2.0302100 -0.2974113 -1.6339083 -0.0860542 -0.4551214 0.0366728 0.8855024
1664524723.797688 1.9834388 -0.2871870 -1.6075265 -0.0875467 -0.4593234 0.0372889 0.8831576
1664524724.097729 1.9329423 -0.2844188 -1.5764489 -0.0733956 -0.4478364 0.0478903 0.8898103
1664524724.395015 1.8906698 -0.2740808 -1.5445951 -0.0982212 -0.4335246 0.0461755 0.8945820
1664524724.695312 1.8472376 -0.2642447 -1.5047524 -0.0867255 -0.4378483 0.0442817 0.8937599
1664524724.995294 1.8070035 -0.2613712 -1.4736785 -0.0738216 -0.4668581 0.0271260 0.8808281
1664524725.295372 1.7690508 -0.2551071 -1.4465230 -0.0727862 -0.4494151 0.0389730 0.8894995
1664524725.595766 1.7304345 -0.2523473 -1.4203769 -0.0640963 -0.4219047 0.0413130 0.9034274
1664524725.995276 1.6910306 -0.2430587 -1.3898180 -0.0876905 -0.4126023 0.0454518 0.9055407
1664524726.195507 1.6699814 -0.2358343 -1.3704222 -0.0904011 -0.4217856 0.0477190 0.9009148
1664524726.495357 1.6328679 -0.2292511 -1.3326240 -0.0772207 -0.4347560 0.0493822 0.8958715
1664524726.795413 1.5971322 -0.2219899 -1.3046784 -0.0979083 -0.4721353 0.0384895 0.8752260
1664524727.095445 1.5589858 -0.2127135 -1.2784382 -0.0870362 -0.4604713 0.0393665 0.8825198
1664524727.395217 1.5121074 -0.2113957 -1.2506708 -0.0697601 -0.4459704 0.0559475 0.8905693
1664524727.695594 1.4731263 -0.2040831 -1.2233864 -0.0883552 -0.4295759 0.0418607 0.8977224
1664524727.995631 1.4353319 -0.1954843 -1.1910017 -0.0715403 -0.4384227 0.0516230 0.8944286
1664524728.295619 1.3918529 -0.1908192 -1.1547627 -0.0661756 -0.4446170 0.0419802 0.8922860
1664524728.596116 1.3544941 -0.1823264 -1.1315645 -0.0802570 -0.4648302 0.0502428 0.8803224
1664524728.895779 1.3088712 -0.1782579 -1.1027752 -0.0666184 -0.4427760 0.0561812 0.8923873
1664524729.195884 1.2676624 -0.1732542 -1.0740318 -0.0885954 -0.4218044 0.0578932 0.9004890
1664524729.597987 1.2207686 -0.1583792 -1.0307339 -0.0774692 -0.4220832 0.0440244 0.9021674
1664524729.897968 1.1831115 -0.1531650 -0.9929402 -0.0728562 -0.4484780 0.0256976 0.8904489
1664524730.197212 1.1460695 -0.1451250 -0.9686142 -0.0875375 -0.4603791 0.0284393 0.8829381
1664524730.497850 1.0986429 -0.1417509 -0.9400402 -0.0693098 -0.4305263 0.0337425 0.8992802
1664524730.697899 1.0693883 -0.1421748 -0.9217724 -0.0641855 -0.4170853 0.0520871 0.9051005
1664524730.897650 1.0452043 -0.1370817 -0.9059405 -0.0736543 -0.4206952 0.0442818 0.9031223
1664524731.297972 0.9917043 -0.1248996 -0.8623602 -0.0714169 -0.4415710 0.0396028 0.8935024
1664524731.597635 0.9524765 -0.1179036 -0.8326815 -0.0821303 -0.4578711 0.0253518 0.8848537
1664524731.897626 0.9066016 -0.1068789 -0.8055444 -0.0870975 -0.4413797 0.0202928 0.8928529
1664524732.197681 0.8566933 -0.1052500 -0.7746580 -0.0792918 -0.4279011 0.0288395 0.8998786
1664524732.497606 0.8153474 -0.0954050 -0.7427369 -0.1036830 -0.4182908 0.0336877 0.9017470
1664524732.797504 0.7772720 -0.0852034 -0.7044103 -0.0954883 -0.4140588 0.0281819 0.9047890
1664524733.097478 0.7421002 -0.0805137 -0.6734675 -0.0911794 -0.4350465 0.0278240 0.8953472
1664524733.397678 0.7011582 -0.0728057 -0.6446744 -0.0805305 -0.4162601 0.0360002 0.9049565
1664524733.697865 0.6570086 -0.0720277 -0.6159129 -0.0675365 -0.4109075 0.0493126 0.9078338
1664524733.998493 0.6188903 -0.0670404 -0.5916558 -0.0876292 -0.4125588 0.0441053 0.9056331
1664524734.297426 0.5792981 -0.0560692 -0.5616676 -0.0763136 -0.4267964 0.0474235 0.8998734
1664524734.598314 0.5400040 -0.0532435 -0.5255967 -0.0705992 -0.4440092 0.0434331 0.8921801
1664524734.898289 0.5037457 -0.0440168 -0.5010441 -0.0887216 -0.4513770 0.0426155 0.8868884
1664524735.198311 0.4576743 -0.0379054 -0.4749165 -0.0713686 -0.4538677 0.0510242 0.8867396
1664524735.497323 0.4153865 -0.0383276 -0.4458793 -0.0778883 -0.4428004 0.0737072 0.8901844
1664524735.797312 0.3776501 -0.0270883 -0.4215340 -0.0837100 -0.4495896 0.0602381 0.8872617
1664524736.095524 0.3353561 -0.0213242 -0.3843289 -0.0662913 -0.4452602 0.0630014 0.8907187
1664524736.495836 0.2813714 -0.0127511 -0.3472218 -0.0723795 -0.4790854 0.0346273 0.8740934
1664524736.794166 0.2333800 -0.0048364 -0.3224474 -0.0618986 -0.4592238 0.0429471 0.8851202
1664524737.294482 0.1613339 0.0008725 -0.2691315 -0.0627281 -0.4223410 0.0689365 0.9016325
1664524737.695267 0.1153664 0.0154161 -0.2248805 -0.0618512 -0.4267429 0.0577334 0.9004064
1664524738.195240 0.0551763 0.0323236 -0.1783828 -0.0861059 -0.4387160 0.0275213 0.8940673
1664524738.595404 0.0002132 0.0362501 -0.1495170 -0.0644798 -0.3531540 0.0428290 0.9323574
1664524739.095241 -0.0347367 0.0507546 -0.0938806 -0.0861991 -0.2314554 0.0198713 0.9688154
1664524739.495412 -0.0528154 0.0570222 -0.0571930 -0.0835405 -0.1442576 0.0043226 0.9859980
1664524739.795596 -0.0644780 0.0615009 -0.0382569 -0.0785661 -0.0046618 -0.0042262 0.9968891
1664524739.995224 -0.0752414 0.0638344 -0.0300575 -0.0804162 0.0488076 0.0034587 0.9955598
1664524740.295210 -0.0873150 0.0671337 -0.0199782 -0.1053085 0.1071153 0.0054828 0.9886387
1664524740.595188 -0.0918316 0.0560084 -0.0130896 -0.0854462 0.1399891 -0.0121887 0.9863841
1664524740.895270 -0.0936471 0.0389330 -0.0039910 -0.0782887 0.1470599 -0.0232875 0.9857494
1664524741.097218 -0.0948368 0.0217399 0.0014699 -0.0543225 0.1498103 -0.0398216 0.9864178
1664524741.797345 -0.0864080 -0.0081469 0.0309287 -0.0383963 0.1769352 -0.0270911 0.9831001
1664524743.997624 -0.0693970 -0.0075132 0.0364157 -0.0396763 0.2152554 -0.0222197 0.9754985
1664524744.298568 -0.0407326 -0.0089891 0.0280065 -0.0415413 0.2885442 -0.0389531 0.9557714
1664524744.598195 -0.0052175 -0.0126991 0.0137323 -0.0372905 0.3920678 -0.0468399 0.9179861
1664524744.897606 0.0378089 -0.0193350 -0.0120277 -0.0385998 0.5068038 -0.0651047 0.8587325
1664524745.197593 0.0948644 -0.0266300 -0.0753179 -0.0350687 0.6208875 -0.0585045 0.7809265
1664524748.695939 -3.8240407 0.3229092 2.2600136 0.0580376 0.9064140 -0.1350893 0.3959751
1664524748.795284 -3.8128586 0.3191575 2.2557111 0.0602564 0.9062584 -0.1436210 0.3929861
1664524748.995195 -3.8017144 0.3131791 2.2491107 0.0664731 0.9087487 -0.1416712 0.3868931
1664524749.095214 -3.7949853 0.3114483 2.2455275 0.0565943 0.9094556 -0.1433193 0.3861956
1664524749.295235 -3.7825050 0.3065767 2.2349019 0.0568995 0.9077835 -0.1270297 0.3956705
1664524749.395150 -3.7750487 0.3021923 2.2288604 0.0587533 0.9043863 -0.1444226 0.3972100
1664524749.595207 -3.7632914 0.2926855 2.2170320 0.0683292 0.8945997 -0.1667239 0.4089324
1664524749.695162 -3.7572908 0.2887722 2.2120960 0.0662398 0.8904426 -0.1800778 0.4126696
1664524749.895171 -3.7452388 0.2835729 2.2032151 0.0606631 0.8920088 -0.1644909 0.4166328
1664524749.995139 -3.7385859 0.2815727 2.1982884 0.0518989 0.8953180 -0.1599778 0.4124553
1664524750.195181 -3.7263174 0.2779002 2.1911447 0.0467397 0.9029150 -0.1571637 0.3973155
1664524750.495256 -3.7038808 0.2657223 2.1804326 0.0702906 0.9091120 -0.1736507 0.3720487
1664524750.795254 -3.6847019 0.2576071 2.1688690 0.0801695 0.9177363 -0.1618176 0.3537629
1664524750.895204 -3.6783714 0.2559847 2.1628208 0.0742158 0.9206453 -0.1528082 0.3515025
1664524751.095209 -3.6665018 0.2523478 2.1510036 0.0728429 0.9105489 -0.1596311 0.3743161
1664524751.395270 -3.6462662 0.2401000 2.1329322 0.0702178 0.8937577 -0.1833016 0.4033204
1664524751.695210 -3.6248159 0.2357701 2.1170406 0.0443995 0.8941864 -0.1514124 0.4189671
1664524751.995257 -3.6006029 0.2279547 2.1045158 0.0557754 0.8928847 -0.1664758 0.4146464
1664524752.295370 -3.5773852 0.2150102 2.0937676 0.0804761 0.8963678 -0.1737943 0.3998049
1664524752.595163 -3.5588892 0.2096174 2.0812707 0.0731278 0.8972685 -0.1620909 0.4040890
1664524752.897596 -3.5380960 0.1997144 2.0625637 0.0770702 0.8856661 -0.1713172 0.4246244
1664524753.197601 -3.5191162 0.1899467 2.0458555 0.0576230 0.8809026 -0.1705573 0.4377219
1664524753.497608 -3.4979198 0.1833225 2.0316844 0.0626376 0.8827389 -0.1785048 0.4300984
1664524753.797695 -3.4733491 0.1723090 2.0201516 0.0714734 0.8875300 -0.1774379 0.4191631
1664524754.097617 -3.4516916 0.1643234 2.0074759 0.0716549 0.8926388 -0.1713257 0.4107419
1664524754.397442 -3.4309328 0.1570877 1.9899300 0.0613991 0.8863118 -0.1785220 0.4228612
1664524754.697489 -3.4114580 0.1441523 1.9695053 0.0680574 0.8824443 -0.1947106 0.4227862
1664524754.997489 -3.3933666 0.1370149 1.9546809 0.0674149 0.8882563 -0.1764687 0.4187063
1664524755.297183 -3.3702173 0.1284630 1.9398363 0.0705302 0.9010705 -0.1838508 0.3863891
1664524755.597458 -3.3472939 0.1174957 1.9253895 0.0822870 0.9070449 -0.1812355 0.3710150
1664524755.897490 -3.3275673 0.1108278 1.9094076 0.0764259 0.9061485 -0.1643647 0.3821496
1664524756.197531 -3.3090472 0.0997503 1.8902985 0.0745949 0.8918613 -0.1987959 0.3993738
1664524756.497551 -3.2915423 0.0917007 1.8747706 0.0537793 0.8822239 -0.1979108 0.4238159
1664524756.897522 -3.2659056 0.0808374 1.8557320 0.0684416 0.8886521 -0.1983494 0.4077633
1664524757.097634 -3.2508578 0.0733358 1.8489091 0.0746884 0.8837170 -0.2053333 0.4138892
1664524757.397580 -3.2319102 0.0669250 1.8367656 0.0716711 0.8860089 -0.1827224 0.4200764
1664524757.696673 -3.2130859 0.0591459 1.8180637 0.0723791 0.8821686 -0.1867548 0.4262190
1664524757.997472 -3.1940362 0.0471598 1.7982515 0.0683556 0.8762727 -0.2028499 0.4316547
1664524758.297596 -3.1733923 0.0405362 1.7815287 0.0516339 0.8791535 -0.1858721 0.4357462
1664524758.597667 -3.1473258 0.0315593 1.7662032 0.0584762 0.8794530 -0.1800934 0.4367029
1664524758.897571 -3.1227400 0.0192310 1.7516818 0.0797295 0.8852267 -0.1741752 0.4238867
1664524759.197582 -3.1027668 0.0120059 1.7344387 0.0712918 0.8862800 -0.1760051 0.4224305
1664524759.496960 -3.0819716 -0.0002410 1.7137947 0.0669259 0.8731735 -0.1949412 0.4416862
1664524759.795463 -3.0627882 -0.0082734 1.6964556 0.0484018 0.8721803 -0.1755161 0.4540408
1664524760.195457 -3.0311637 -0.0200275 1.6765089 0.0552020 0.8842989 -0.1827392 0.4261158
1664524760.395371 -3.0148511 -0.0300894 1.6679416 0.0686025 0.8842250 -0.1956846 0.4185062
1664524760.695310 -2.9929752 -0.0361305 1.6534367 0.0575032 0.8891202 -0.1693803 0.4212709
1664524760.995366 -2.9705834 -0.0449547 1.6322267 0.0720357 0.8834475 -0.1748893 0.4286551
1664524761.295540 -2.9500229 -0.0568626 1.6123761 0.0574511 0.8867753 -0.1749376 0.4239407
1664524761.595352 -2.9278772 -0.0626567 1.5963526 0.0652309 0.9039695 -0.1590523 0.3915184
1664524761.895175 -2.9012320 -0.0741179 1.5862476 0.0814849 0.9036301 -0.1768347 0.3815003
1664524762.195079 -2.8792608 -0.0828631 1.5758164 0.0751780 0.8992795 -0.1763343 0.3931296
1664524762.495085 -2.8604033 -0.0894240 1.5595742 0.0763132 0.8933275 -0.1776876 0.4056716
1664524762.795077 -2.8414898 -0.1024488 1.5424826 0.0779285 0.8810222 -0.2093539 0.4170108
1664524763.095411 -2.8234992 -0.1083651 1.5278671 0.0697070 0.8843676 -0.1839484 0.4233178
1664524763.395084 -2.8005953 -0.1156670 1.5150576 0.0708640 0.8880909 -0.1848905 0.4148355
1664524763.695193 -2.7784734 -0.1261594 1.5047264 0.0822652 0.8904938 -0.1870594 0.4065247
1664524763.995332 -2.7611322 -0.1312466 1.4911247 0.0726480 0.8837745 -0.1713904 0.4292905
1664524764.295114 -2.7438140 -0.1404699 1.4712493 0.0692148 0.8724818 -0.1881972 0.4456083
1664524764.597620 -2.7284336 -0.1487695 1.4549068 0.0473458 0.8641355 -0.1911610 0.4631261
1664524764.896837 -2.7127600 -0.1528952 1.4419435 0.0413152 0.8649025 -0.1700086 0.4704611
1664524765.197445 -2.6911676 -0.1625197 1.4284151 0.0452787 0.8615009 -0.1912974 0.4681575
1664524765.496996 -2.6717346 -0.1715088 1.4155477 0.0760355 0.8679881 -0.1748685 0.4585150
1664524765.797899 -2.6560314 -0.1770049 1.4007357 0.0646918 0.8645065 -0.1594901 0.4722357
1664524766.097676 -2.6377139 -0.1872262 1.3823277 0.0429795 0.8461278 -0.1778970 0.5005729
1664524766.295479 -2.6271527 -0.1951478 1.3733215 0.0276221 0.8196971 -0.1994162 0.5362524
1664524766.495143 -2.6184323 -0.1985178 1.3684199 0.0126205 0.8017999 -0.1806769 0.5694854
1664524766.695307 -2.6100953 -0.2026106 1.3649065 0.0045269 0.7864004 -0.1659896 0.5949801
1664524767.095180 -2.5987239 -0.2081525 1.3622172 -0.0204769 0.7406751 -0.1715092 0.6492809
1664524767.295248 -2.5970902 -0.2084830 1.3630650 -0.0166177 0.7149588 -0.1726193 0.6773185
1664524767.595120 -2.5953965 -0.2074720 1.3626629 -0.0243379 0.6980509 -0.1662770 0.6960493
1664524767.895488 -2.5936563 -0.2085475 1.3572136 -0.0105220 0.7168236 -0.1724045 0.6755219
1664524768.195481 -2.5916252 -0.2105433 1.3446213 0.0396678 0.7897488 -0.1771432 0.5859551
1664524768.495274 -2.5931501 -0.2161653 1.3272376 0.0604023 0.8577621 -0.1886540 0.4743472
1664524768.795322 -2.5994997 -0.2187510 1.3091891 0.0823980 0.9140433 -0.2007243 0.3427024
1664524769.095361 -2.6138716 -0.2183136 1.2944949 0.0971020 0.9716724 -0.1750459 0.1256303
1664524769.395319 -2.6270552 -0.2146733 1.2850376 -0.1257852 -0.9814258 0.1209647 0.0796824
1664524769.695443 -2.6385038 -0.2165667 1.2755952 -0.1428962 -0.9555613 0.1059045 0.2350905
1664524769.995412 -2.6445417 -0.2206288 1.2630378 -0.1566719 -0.9309618 0.1115341 0.3103614
1664524770.395478 -2.6486890 -0.2224470 1.2451220 -0.1447106 -0.9362804 0.0856818 0.3083775
1664524770.995496 -2.6744578 -0.2205275 1.2153373 -0.1619271 -0.9283891 0.0790974 0.3249876
1664524771.495494 -2.6963425 -0.2204549 1.1892868 -0.1488343 -0.9288519 0.0659480 0.3327664
1664524771.795515 -2.7069833 -0.2244462 1.1650145 -0.1366337 -0.9276604 0.0778586 0.3386964
1664524772.095554 -2.7174802 -0.2296892 1.1412611 -0.1519446 -0.9186355 0.0811217 0.3555854
1664524772.395534 -2.7273731 -0.2299197 1.1222095 -0.1518184 -0.9288190 0.0605114 0.3325432
1664524772.695564 -2.7452502 -0.2298908 1.1009424 -0.1618254 -0.9257026 0.0747556 0.3336148
1664524772.795530 -2.7500098 -0.2309405 1.0953031 -0.1530138 -0.9266511 0.0842769 0.3328694
1664524772.995561 -2.7593255 -0.2328140 1.0816593 -0.1335847 -0.9368332 0.0766105 0.3140535
1664524773.295548 -2.7711596 -0.2316523 1.0617645 -0.1259409 -0.9397361 0.0678455 0.3105348
1664524773.595621 -2.7863350 -0.2367280 1.0353749 -0.1252258 -0.9253739 0.0856821 0.3473621
1664524773.895597 -2.7995007 -0.2392741 1.0148628 -0.1411064 -0.9187418 0.0815883 0.3596469
1664524774.195654 -2.8152835 -0.2362831 0.9933506 -0.1469477 -0.9261732 0.0679996 0.3405668
1664524774.495341 -2.8362012 -0.2370949 0.9723819 -0.1495247 -0.9258664 0.0882639 0.3355937
1664524774.795802 -2.8551722 -0.2379584 0.9539089 -0.1440901 -0.9330512 0.0639307 0.3233674
1664524775.095784 -2.8709235 -0.2349740 0.9302076 -0.1601398 -0.9242029 0.0420257 0.3441485
1664524775.195792 -2.8765614 -0.2362628 0.9208678 -0.1539596 -0.9219944 0.0476511 0.3520686
1664524775.395841 -2.8881600 -0.2421743 0.9025973 -0.1515188 -0.9185413 0.0842188 0.3552903
1664524775.495686 -2.8935559 -0.2439471 0.8937832 -0.1563314 -0.9172245 0.0793219 0.3577261
1664524775.695774 -2.9022672 -0.2440932 0.8797713 -0.1584344 -0.9217929 0.0711592 0.3466020
1664524775.995717 -2.9202371 -0.2420278 0.8582098 -0.1500728 -0.9279693 0.0724973 0.3333096
1664524776.295737 -2.9414444 -0.2446860 0.8379320 -0.1351297 -0.9376181 0.0777041 0.3107641
1664524776.597925 -2.9552412 -0.2437422 0.8200861 -0.1376421 -0.9388153 0.0669190 0.3085490
1664524776.897856 -2.9693024 -0.2457788 0.7960470 -0.1290846 -0.9289501 0.0886970 0.3354428
1664524777.197849 -2.9834111 -0.2497623 0.7742095 -0.1520395 -0.9212449 0.0866829 0.3473875
1664524777.497985 -2.9979782 -0.2490411 0.7544429 -0.1451206 -0.9241030 0.0673149 0.3470482
1664524777.797911 -3.0200744 -0.2476489 0.7359134 -0.1343856 -0.9172308 0.0867560 0.3648307
1664524778.197842 -3.0403426 -0.2459968 0.7142643 -0.1055340 -0.9200336 0.0784541 0.3691148
1664524778.697920 -3.0645263 -0.2501478 0.6817902 -0.1172765 -0.8923726 0.0792724 0.4285246
1664524778.898015 -3.0724983 -0.2516891 0.6685354 -0.1345838 -0.8870245 0.0768933 0.4349276
1664524779.297837 -3.0869660 -0.2510027 0.6498905 -0.1332823 -0.8839442 0.0549043 0.4448190
1664524779.597787 -3.1043046 -0.2526836 0.6360127 -0.1179007 -0.8933174 0.0819913 0.4258647
1664524779.897807 -3.1175294 -0.2534570 0.6265832 -0.1121530 -0.9026028 0.1005798 0.4032536
1664524780.197806 -3.1257796 -0.2502837 0.6204057 -0.1170644 -0.9017358 0.0806895 0.4082372
1664524780.497729 -3.1368918 -0.2453484 0.6194319 -0.1203125 -0.8525413 0.0626708 0.5047482
1664524780.797593 -3.1519217 -0.2393474 0.6217060 -0.1343608 -0.7113870 0.0467603 0.6882507
1664524781.097665 -3.1682458 -0.2388495 0.6280614 -0.1262203 -0.5557386 0.0106200 0.8216509
1664524781.397615 -3.1722019 -0.2374216 0.6312712 -0.1147462 -0.4497225 -0.0238690 0.8854453
1664524781.997596 -3.1846859 -0.2320730 0.6302434 -0.1454128 -0.4417093 -0.0525370 0.8837352
1664524782.397606 -3.2013764 -0.2245002 0.6391317 -0.1474165 -0.4581881 -0.0560138 0.8747540
1664524782.897584 -3.2306905 -0.2152147 0.6573604 -0.1471727 -0.4799064 -0.0617392 0.8626808
1664524783.195214 -3.2482109 -0.2085307 0.6643247 -0.1547203 -0.4634262 -0.0588462 0.8705372
1664524783.495290 -3.2688255 -0.2045147 0.6710707 -0.1306081 -0.4360686 -0.0574041 0.8885328
1664524783.795243 -3.2861917 -0.1990439 0.6760874 -0.1480678 -0.4230566 -0.0422976 0.8929222
1664524784.195781 -3.3062809 -0.1860750 0.6950166 -0.1463624 -0.4296584 -0.0456342 0.8898817
1664524784.495307 -3.3230557 -0.1795960 0.7126757 -0.1201901 -0.4346562 -0.0518799 0.8910314
1664524784.795180 -3.3382230 -0.1717050 0.7259591 -0.1451003 -0.4334849 -0.0622753 0.8872196
1664524784.995116 -3.3516514 -0.1657315 0.7331367 -0.1422534 -0.4315454 -0.0620512 0.8886407
1664524785.295146 -3.3761210 -0.1595980 0.7453903 -0.1325922 -0.4335031 -0.0456404 0.8901748
1664524785.595233 -3.3967581 -0.1511071 0.7564663 -0.1451785 -0.4299014 -0.0519254 0.8896133
1664524785.895233 -3.4151058 -0.1403868 0.7719638 -0.1436253 -0.4328556 -0.0469488 0.8887090
1664524786.195203 -3.4353027 -0.1340352 0.7909365 -0.1173032 -0.4413944 -0.0510228 0.8881485
1664524786.495178 -3.4511127 -0.1237485 0.8049067 -0.1434995 -0.4451009 -0.0651919 0.8815005
1664524786.795182 -3.4721971 -0.1147584 0.8188450 -0.1357027 -0.4256136 -0.0658338 0.8922464
1664524787.095393 -3.4965625 -0.1087214 0.8329333 -0.1154028 -0.4076034 -0.0500177 0.9044557
1664524787.395249 -3.5148096 -0.0988032 0.8462636 -0.1452149 -0.4024628 -0.0602285 0.9018365
1664524787.695372 -3.5359085 -0.0876830 0.8654678 -0.1310666 -0.4129311 -0.0582862 0.8993955
1664524787.995267 -3.5555606 -0.0824156 0.8830810 -0.1274020 -0.4391007 -0.0569041 0.8875367
1664524788.297816 -3.5744107 -0.0723892 0.8962164 -0.1427183 -0.4439380 -0.0547773 0.8829213
1664524788.597801 -3.5977869 -0.0640533 0.9085653 -0.1284640 -0.4307082 -0.0554722 0.8915775
1664524788.897761 -3.6165314 -0.0578060 0.9191986 -0.1397984 -0.4294567 -0.0543437 0.8905449
1664524789.197720 -3.6323681 -0.0484247 0.9320408 -0.1500959 -0.4447403 -0.0587353 0.8810378
1664524789.497879 -3.6505582 -0.0419058 0.9491522 -0.1368086 -0.4433323 -0.0493245 0.8844813
1664524789.797891 -3.6652884 -0.0348219 0.9607894 -0.1543451 -0.4441198 -0.0637850 0.8802652
1664524790.097726 -3.6858342 -0.0247911 0.9713258 -0.1548286 -0.4488945 -0.0825718 0.8761871
1664524790.397719 -3.7080526 -0.0194378 0.9828497 -0.1406279 -0.4456993 -0.0560746 0.8822876
1664524790.697708 -3.7259893 -0.0102347 0.9963108 -0.1798464 -0.4390403 -0.0622581 0.8780791
1664524790.997789 -3.7436848 -0.0002970 1.0155817 -0.1665758 -0.4400376 -0.0499845 0.8809774
1664524791.297750 -3.7605553 0.0053689 1.0329721 -0.1481933 -0.4512199 -0.0662516 0.8775249
1664524791.597727 -3.7775753 0.0153024 1.0447443 -0.1633743 -0.4488287 -0.0815353 0.8747650
1664524791.897931 -3.8014877 0.0228002 1.0576512 -0.1479018 -0.4426087 -0.0710490 0.8815752
1664524792.197809 -3.8225665 0.0293757 1.0690072 -0.1591919 -0.4204689 -0.0658608 0.8908010
1664524792.497990 -3.8393283 0.0400102 1.0834091 -0.1656532 -0.4081044 -0.0732610 0.8947864
1664524792.797963 -3.8584127 0.0474359 1.1017762 -0.1313735 -0.4072800 -0.0653351 0.9014408
1664524793.098022 -3.8772364 0.0556152 1.1156324 -0.1529664 -0.4190228 -0.0809453 0.8913300
1664524793.397906 -3.8970482 0.0660044 1.1263376 -0.1595373 -0.4011037 -0.1025217 0.8961881
1664524793.698287 -3.9214239 0.0701944 1.1363187 -0.1352109 -0.4023084 -0.0827674 0.9016738
1664524794.098034 -3.9438810 0.0814093 1.1511383 -0.1656309 -0.3895352 -0.0839967 0.9020939
1664524794.398032 -3.9613323 0.0901930 1.1693891 -0.1480598 -0.3933027 -0.0778629 0.9040624
1664524794.698014 -3.9778273 0.0959120 1.1858158 -0.1369468 -0.3983090 -0.0796689 0.9034647
1664524794.995329 -3.9939346 0.1062632 1.1992222 -0.1558129 -0.3810913 -0.0845808 0.9073797
1664524795.295187 -4.0174837 0.1129708 1.2112586 -0.1461500 -0.4006517 -0.0648706 0.9021698
1664524795.595176 -4.0373359 0.1198837 1.2203914 -0.1556415 -0.4093890 -0.0569314 0.8971819
1664524795.895118 -4.0540533 0.1290369 1.2316657 -0.1635300 -0.4267398 -0.0707724 0.8866467
1664524796.195508 -4.0722466 0.1385736 1.2486824 -0.1556917 -0.4329894 -0.0746088 0.8847112
1664524796.495217 -4.0894413 0.1434070 1.2642200 -0.1425220 -0.4485367 -0.0742252 0.8792000
1664524796.795107 -4.1070371 0.1529781 1.2762978 -0.1551340 -0.4275778 -0.0812241 0.8868558
1664524797.094873 -4.1280494 0.1582377 1.2876836 -0.1362545 -0.4153149 -0.0641481 0.8971251
1664524797.394815 -4.1460652 0.1657605 1.2985215 -0.1463933 -0.4120922 -0.0570293 0.8974947
1664524797.695632 -4.1622229 0.1788962 1.3159223 -0.1694776 -0.4058900 -0.0603792 0.8960386
1664524797.995742 -4.1794443 0.1848468 1.3365159 -0.1220028 -0.4072866 -0.0608179 0.9030693
1664524798.295750 -4.1963615 0.1947213 1.3500876 -0.1517646 -0.4365729 -0.0736608 0.8837114
1664524798.594905 -4.2204208 0.2064967 1.3645697 -0.1553427 -0.4279507 -0.0761730 0.8870876
1664524799.094642 -4.2595186 0.2184563 1.3878233 -0.1607410 -0.4199009 -0.0633225 0.8909745
1664524799.495899 -4.2849827 0.2299441 1.4129955 -0.1418076 -0.4319572 -0.0544558 0.8890097
1664524799.795836 -4.3021803 0.2361610 1.4284923 -0.1328170 -0.4519550 -0.0637662 0.8797898
1664524800.197916 -4.3288083 0.2500132 1.4472653 -0.1419460 -0.4289123 -0.0663683 0.8896522
1664524800.597295 -4.3589621 0.2591702 1.4677683 -0.1407246 -0.4144115 -0.0565453 0.8973642
1664524800.995147 -4.3811750 0.2741814 1.4908527 -0.1498348 -0.4225974 -0.0577957 0.8919758
1664524801.495142 -4.4152718 0.2893226 1.5208197 -0.1529564 -0.4604578 -0.0763379 0.8710656
1664524801.895095 -4.4451790 0.2984328 1.5369582 -0.1295105 -0.4522152 -0.0495623 0.8810631
1664524802.395088 -4.4806070 0.3137295 1.5585788 -0.1417781 -0.4484035 -0.0508784 0.8810475
1664524802.795241 -4.5069051 0.3235635 1.5822518 -0.1208301 -0.4609957 -0.0542144 0.8774644
1664524803.295352 -4.5362630 0.3386878 1.6025658 -0.1331753 -0.4602286 -0.0619442 0.8755667
1664524803.695448 -4.5658984 0.3459551 1.6181552 -0.1247087 -0.4408358 -0.0457821 0.8877025
1664524804.195079 -4.5927234 0.3617358 1.6444112 -0.1325407 -0.4419200 -0.0451940 0.8860572
1664524804.595208 -4.6147614 0.3713125 1.6673410 -0.1337508 -0.4504965 -0.0617246 0.8805416
1664524805.095407 -4.6505222 0.3859255 1.6900126 -0.1175878 -0.4390537 -0.0621337 0.8885632
1664524805.695172 -4.6893244 0.4024198 1.7186857 -0.1309170 -0.4337566 -0.0476981 0.8901916
1664524806.097202 -4.7144771 0.4122528 1.7438359 -0.1148624 -0.4606410 -0.0484833 0.8787867
1664524806.597174 -4.7415495 0.4287279 1.7665080 -0.1536660 -0.4299345 -0.0630510 0.8874502
1664524807.195237 -4.7849360 0.4439781 1.7946223 -0.1466737 -0.4299225 -0.0534164 0.8892695
1664524807.595193 -4.8100634 0.4580796 1.8183215 -0.1441572 -0.4433486 -0.0528073 0.8831038
1664524808.095235 -4.8442335 0.4730299 1.8441712 -0.1514355 -0.4602464 -0.0772274 0.8713648
1664524808.395145 -4.8684525 0.4804739 1.8592825 -0.1309236 -0.4535304 -0.0577049 0.8796815
1664524808.795134 -4.8952374 0.4932822 1.8797116 -0.1365210 -0.4443876 -0.0470079 0.8841222
1664524809.295146 -4.9329844 0.5101721 1.9121498 -0.1207450 -0.4550930 -0.0552596 0.8804869
1664524809.895194 -4.9768453 0.5313498 1.9406589 -0.1419815 -0.4516376 -0.0707927 0.8779823
1664524810.295167 -5.0074048 0.5399781 1.9561199 -0.1457444 -0.4426735 -0.0662029 0.8822789
1664524810.795108 -5.0405874 0.5570866 1.9853317 -0.1215721 -0.4481182 -0.0640393 0.8833511
1664524811.195155 -5.0679231 0.5722557 2.0035954 -0.1471832 -0.4554873 -0.0745467 0.8748208
1664524811.695143 -5.1048598 0.5868112 2.0288734 -0.1212586 -0.4303784 -0.0552320 0.8927598
1664524811.997801 -5.1223025 0.5958666 2.0450909 -0.1356430 -0.4245652 -0.0622223 0.8930140
1664524812.397531 -5.1414709 0.6116620 2.0735908 -0.1265348 -0.4296888 -0.0617341 0.8919336
1664524812.697637 -5.1583290 0.6239512 2.0886166 -0.1433880 -0.4464345 -0.0690925 0.8805465
1664524812.997275 -5.1756916 0.6391803 2.1052766 -0.1359501 -0.4375014 -0.0713932 0.8860098
1664524813.297596 -5.1979361 0.6574311 2.1236491 -0.1152313 -0.4311884 -0.0374259 0.8940905
1664524813.597617 -5.2092209 0.6791037 2.1407022 -0.1332138 -0.4373399 -0.0426519 0.8883517
1664524813.897600 -5.2239742 0.6933599 2.1657250 -0.1139852 -0.4434923 -0.0378727 0.8881934
1664524814.097734 -5.2325215 0.7014246 2.1804645 -0.0959700 -0.4724406 -0.0426895 0.8750812
1664524814.397564 -5.2473297 0.7124733 2.1935482 -0.0969455 -0.4780954 -0.0439648 0.8718333
1664524814.697661 -5.2681003 0.7205409 2.2058878 -0.0871435 -0.4692353 -0.0452437 0.8775975
1664524814.997586 -5.2917895 0.7252237 2.2184443 -0.0779348 -0.4676169 -0.0253094 0.8801251
1664524815.297625 -5.3117247 0.7318190 2.2288847 -0.1047984 -0.4853658 -0.0318795 0.8674222
1664524815.597675 -5.3318181 0.7413100 2.2477040 -0.0880541 -0.4842896 -0.0271427 0.8700422
1664524815.897615 -5.3520370 0.7435837 2.2610650 -0.0741821 -0.5128535 -0.0432950 0.8541686
1664524816.197643 -5.3695135 0.7536168 2.2740927 -0.0863719 -0.5009299 -0.0408426 0.8601983
1664524816.497644 -5.3936009 0.7575062 2.2861762 -0.0711239 -0.4938356 -0.0329830 0.8660139
1664524816.797639 -5.4145656 0.7644549 2.2979264 -0.0852551 -0.4818930 -0.0267260 0.8716631
1664524817.097658 -5.4343829 0.7710883 2.3125598 -0.0710178 -0.4772827 -0.0263046 0.8754802
1664524817.397636 -5.4551291 0.7736878 2.3296258 -0.0453804 -0.4771611 -0.0252494 0.8772802
1664524817.697654 -5.4715939 0.7811935 2.3432322 -0.0646947 -0.4820715 -0.0350678 0.8730361
1664524817.997348 -5.4936895 0.7859799 2.3542523 -0.0654946 -0.4569530 -0.0367687 0.8863139
1664524818.297533 -5.5134602 0.7905542 2.3650985 -0.0395483 -0.4354902 -0.0160984 0.8991801
1664524818.595110 -5.5277634 0.7954431 2.3767295 -0.0693221 -0.4241156 -0.0314700 0.9024023
1664524818.895335 -5.5410657 0.7981621 2.3909950 -0.0403252 -0.4427183 -0.0104519 0.8956926
1664524819.195263 -5.5527153 0.7981633 2.4015303 -0.0311223 -0.4537159 -0.0244298 0.8902676
1664524819.794869 -5.5638556 0.8033963 2.4102311 -0.0409767 -0.3901486 -0.0203885 0.9196138
1664524820.095202 -5.5632048 0.8036201 2.4146342 -0.0316395 -0.3040158 -0.0269536 0.9517598
1664524820.695222 -5.5521493 0.8000633 2.4237800 -0.0199948 -0.1493206 -0.0524732 0.9871931
1664524820.994621 -5.5440202 0.8010184 2.4273100 -0.0125484 -0.0837732 -0.0592049 0.9946454
1664524821.295211 -5.5359521 0.8002651 2.4287782 -0.0058825 -0.0128371 -0.0736879 0.9971813
1664524824.697816 -10.3748999 -0.3567581 -8.0280237 0.0074676 0.7668735 -0.1133525 0.6316649
1664524824.897723 -10.3169250 -0.3318810 -8.3792143 0.0106515 0.8016398 -0.1172582 0.5860980
1664524825.197748 -10.4583502 -0.3113833 -8.3893213 0.0187952 0.8521599 -0.1174220 0.5095902
1664524825.297688 -10.4947290 -0.3069126 -8.3843555 0.0200600 0.8646451 -0.1168023 0.4882047
1664524825.497708 -10.5178356 -0.3048969 -8.3819103 0.0193914 0.8788943 -0.1159800 0.4622959
1664524825.897678 -10.5407438 -0.3011242 -8.3762608 0.0179946 0.8729737 -0.1197855 0.4724877
1664524826.196650 -10.5219345 -0.2823470 -8.3996153 0.0144695 0.8367706 -0.1213579 0.5337396
1664524826.497580 -10.4987221 -0.3123276 -8.2943611 0.0100624 0.7747146 -0.1180818 0.6211059
1664524826.697603 -10.4501629 -0.3169564 -8.2655621 0.0070819 0.7250879 -0.1138369 0.6791455
1664524826.797469 -10.4476452 -0.3227596 -8.2458239 0.0035319 0.6974259 -0.1106619 0.7080526
1664524826.997597 -10.4287500 -0.3256092 -8.2569523 -0.0005894 0.6391672 -0.1059818 0.7617302
1664524827.097707 -10.4623756 -0.3212528 -8.2363176 -0.0017613 0.6065700 -0.1032885 0.7882901
1664524827.197987 -10.4728632 -0.3177552 -8.1839914 -0.0035645 0.5730928 -0.0997118 0.8133939
1664524827.397470 -10.5431967 -0.3108682 -8.0884247 -0.0075234 0.4957971 -0.0913948 0.8635831
1664524827.597499 -10.5987835 -0.2774119 -7.9938102 -0.0152322 0.4109604 -0.0824510 0.9077892
1664524827.697644 -10.6349831 -0.2647648 -7.9580278 -0.0188698 0.3684209 -0.0778333 0.9262030
1664524827.897632 -10.7179222 -0.2494034 -7.8707304 -0.0270260 0.2961609 -0.0710044 0.9521116
1664524828.098265 -10.7977276 -0.2359844 -7.8170128 -0.0332525 0.2540880 -0.0573582 0.9649061
1664524828.297668 -10.8570919 -0.2178682 -7.7620907 -0.0357280 0.2355148 -0.0531358 0.9697591
1664524828.797616 -10.9617691 -0.1709063 -7.6203003 -0.0440222 0.2138681 -0.0491785 0.9746302
1664524829.397572 -10.8598108 -0.1119163 -7.2956400 -0.0460465 0.1995772 -0.0560992 0.9771906
1664524829.697656 -10.7152557 -0.0957034 -7.0503278 -0.0431242 0.2023847 -0.0577287 0.9766514
1664524829.997624 -10.6146603 -0.0777403 -6.8373928 -0.0462031 0.1901681 -0.0575108 0.9789760
1664524830.295203 -10.5094337 -0.0159275 -6.6135125 -0.0645929 0.2063871 -0.0592375 0.9745374
1664524830.595315 -10.4037476 0.0085925 -6.2697220 -0.0482938 0.2250734 -0.0628646 0.9711117
1664524830.895300 -10.3240433 0.0157104 -5.9598427 -0.0324712 0.2269531 -0.0510915 0.9720225
1664524831.195141 -10.1790514 0.0708467 -5.6900930 -0.0545530 0.2305457 -0.0453355 0.9704728
1664524831.495308 -9.9773369 0.0962417 -5.3873234 -0.0366716 0.2210500 -0.0560672 0.9729587
1664524831.795218 -9.8110113 0.0760662 -5.1041183 -0.0442986 0.2107225 -0.0645912 0.9744033
1664524832.095299 -9.6694613 0.1484217 -4.8026900 -0.0696490 0.2220201 -0.0590736 0.9707555
1664524832.395273 -9.5569715 0.1664375 -4.4374328 -0.0404055 0.2292061 -0.0682605 0.9701403
1664524832.695257 -9.4484215 0.1826595 -4.0933161 -0.0350133 0.2454946 -0.0548989 0.9672087
1664524832.995324 -9.2636375 0.2565293 -3.7825177 -0.0545673 0.2411929 -0.0495677 0.9676732
1664524833.295230 -9.0507088 0.2596648 -3.4714544 -0.0483687 0.2318565 -0.0526349 0.9701200
1664524833.595375 -8.8733282 0.2852092 -3.1915843 -0.0602668 0.2214756 -0.0586043 0.9715360
1664524833.895479 -8.7216005 0.3500832 -2.8931963 -0.0660065 0.2276541 -0.0590980 0.9697032
1664524834.195423 -8.5936651 0.3290425 -2.5262067 -0.0321920 0.2332115 -0.0704993 0.9693328
1664524834.495816 -8.4484634 0.3728018 -2.2106359 -0.0366690 0.2421878 -0.0608308 0.9676259
1664524834.795572 -8.2654085 0.4688226 -1.8895783 -0.0503788 0.2399008 -0.0602555 0.9676151
1664524835.095385 -8.0787945 0.4443597 -1.5431752 -0.0265426 0.2251452 -0.0707128 0.9713933
1664524835.297652 -7.9766960 0.4816531 -1.3502114 -0.0614462 0.2221227 -0.0658637 0.9708491
1664524835.497653 -7.8738289 0.5293186 -1.1496787 -0.0700872 0.2287842 -0.0563351 0.9693152
1664524835.697731 -7.8114424 0.5546471 -0.9053707 -0.0624211 0.2310602 -0.0614414 0.9689890
1664524835.897553 -7.7484736 0.5374631 -0.6437213 -0.0571865 0.2334974 -0.0661994 0.9684142
1664524836.097726 -7.6493773 0.5376066 -0.4114106 -0.0525978 0.2431223 -0.0556736 0.9669672
1664524836.397664 -7.5454841 0.5780036 -0.1481724 -0.0569763 0.2391595 -0.0504883 0.9679915
1664524836.795480 -7.3171802 0.6511620 0.2506335 -0.0526593 0.2461144 -0.0527222 0.9663722
1664524837.095861 -7.1666465 0.6834928 0.5537579 -0.0637874 0.2319424 -0.0623377 0.9686320
1664524837.295854 -7.0698762 0.7177154 0.7711616 -0.0655628 0.2422332 -0.0645858 0.9658434
1664524837.495737 -6.9724412 0.7525740 1.0244181 -0.0606459 0.2613228 -0.0599691 0.9614761
1664524837.795404 -6.8424048 0.7384543 1.3798501 -0.0315102 0.2929157 -0.0506088 0.9542779
1664524838.095619 -6.6918530 0.7978742 1.6323142 -0.0524049 0.2985272 -0.0508428 0.9516041
1664524838.395492 -6.4547787 0.8123882 1.9127849 -0.0478286 0.2860858 -0.0591177 0.9551820
1664524838.695621 -6.2796655 0.8733091 2.1636214 -0.0555696 0.2661582 -0.0659856 0.9600613
1664524838.995673 -6.1248569 0.8942448 2.4071541 -0.0648241 0.2784021 -0.0538372 0.9567609
1664524839.295723 -5.9972525 0.9025395 2.7114882 -0.0422564 0.2944504 -0.0526534 0.9532791
1664524839.595707 -5.8612976 0.9248185 2.9312215 -0.0362278 0.3181965 -0.0413844 0.9464280
1664524839.895688 -5.6691465 0.9238701 3.0700274 -0.0283330 0.3326625 -0.0556231 0.9409778
1664524839.995702 -5.5769348 0.9137259 3.0831027 -0.0212696 0.3530498 -0.0629620 0.9332413
1664524840.195712 -5.4929152 0.9031468 3.0982296 -0.0172354 0.3751400 -0.0768547 0.9236159
1664524840.496877 -5.3412733 0.9222981 3.2125590 -0.0230935 0.4423546 -0.0780863 0.8931359
1664524840.695774 -5.1019993 0.9374865 3.4439428 0.0220875 0.5292354 -0.0750096 0.8448641
1664524840.895629 -5.1573601 0.8935513 3.2196116 -0.0091504 0.5505262 -0.0832253 0.8306087
1664524841.195660 -5.2875075 0.9632004 3.2661924 0.0050306 0.6286628 -0.1039064 0.7706889
1664524842.095615 -5.4419460 1.0473695 3.1599126 0.0172285 0.7356272 -0.1438992 0.6617015
1664524843.195323 -5.0809708 0.8694149 3.2173686 0.0153767 0.9492417 -0.1002753 0.2977394
1664524844.395257 -5.0691648 0.9443200 3.2518601 0.0490944 0.8563986 -0.1180716 0.5002300
1664524845.295156 -5.0252571 0.9490455 3.1638627 0.0625414 0.8278729 -0.1392673 0.5397404
1664524845.995243 -4.9577575 0.9392106 3.2277822 0.0643836 0.8640169 -0.1302727 0.4820357
1664524846.795097 -4.8419704 0.9107617 3.2381585 0.0600145 0.8763149 -0.1323668 0.4592926
1664524847.497557 -4.9012885 0.7994632 3.3750710 0.0100986 0.8946633 -0.0709187 0.4409606
1664524848.097623 -5.1098318 0.5332127 3.3867853 -0.0489770 0.8741391 0.0138685 0.4830009
1664524848.697534 -4.8023176 0.8024107 3.1960473 0.0220198 0.8655109 -0.1032446 0.4896390
1664524849.297575 -4.6458621 0.8220161 3.1191127 0.0664835 0.8791751 -0.1447952 0.4490720
1664524850.097680 -4.6701798 0.7298028 3.3556104 0.0279336 0.8965770 -0.0813811 0.4344499
1664524850.997670 -4.4019847 0.7678460 3.1526051 0.0760202 0.9095203 -0.1133631 0.3926098
1664524851.697772 -4.5297074 0.6996310 3.2138298 0.0345722 0.9007040 -0.0825807 0.4251090
1664524852.197824 -4.3334208 0.7505357 3.0826578 0.0649104 0.8941889 -0.1254438 0.4248256
1664524852.797723 -4.1621456 0.6096209 3.1152227 0.0176268 0.9291559 -0.0663340 0.3632608
1664524853.397780 -4.0613909 0.6042999 3.0898027 0.0116279 0.9271026 -0.0680934 0.3683870
1664524853.995667 -3.9487624 0.5389102 3.0115023 0.0088146 0.9351619 -0.0603821 0.3489251
1664524854.695529 -4.0393934 0.3453080 2.9852390 -0.0665812 0.9212526 0.0076243 0.3831482
1664524855.295683 -3.7950692 0.4373696 2.8603129 -0.0547853 0.9358141 -0.0155561 0.3478630
1664524855.895728 -3.7377243 0.5365103 2.8215930 0.0090812 0.9371975 -0.0581172 0.3438036
1664524856.395828 -3.6615496 0.6992724 2.6545124 0.1026470 0.8984911 -0.1454717 0.4012673
1664524856.995862 -3.5749233 0.4797599 2.4319904 0.0165655 0.8895816 -0.0803962 0.4493401
1664524857.595794 -3.4252985 0.4581889 2.3418870 0.0223291 0.8979058 -0.0672195 0.4344518
1664524858.195514 -3.3625212 0.4501351 2.3317409 0.0029382 0.9196833 -0.0636176 0.3874623
1664524858.795388 -3.3086381 0.4333384 2.3240228 -0.0007334 0.9404259 -0.0501863 0.3362736
1664524859.397765 -3.2434294 0.4099724 2.3235667 -0.0499475 0.9155399 -0.0418480 0.3969142
1664524860.097748 -3.2296255 0.4108227 2.3062289 -0.0362366 0.8873476 -0.0554903 0.4563133
1664524860.597968 -3.0956585 0.3909011 2.2700834 -0.0419106 0.9237356 -0.0302503 0.3795275
1664524861.197779 -1.4934227 0.3079451 0.4830230 0.0075275 0.6635358 -0.0172582 0.7479076
1664524861.497774 -1.2918231 0.2912424 0.6370974 0.0336423 0.6249552 -0.0441015 0.7786876
1664524862.798221 -1.1449647 0.4408302 -1.7601110 -0.0112606 -0.1280171 0.0806781 0.9884210
1664524863.297749 -0.2769622 0.3704070 -1.6209108 -0.0295990 -0.2522533 0.0306116 0.9667240
1664524863.497711 -0.3447241 0.4134982 -1.4811654 -0.0193215 -0.1649411 -0.0675998 0.9837945
1664524863.598151 -0.2564299 0.2372026 -0.9824575 -0.0363568 -0.1993576 -0.1348559 0.9699220
1664524863.797666 -0.5449577 0.2085005 -0.7336150 -0.0190027 -0.0653290 -0.1399091 0.9878241
1664524863.997629 -0.7916542 0.4659219 -1.3910484 0.0585477 0.0264553 -0.0358644 0.9972894
1664524864.497623 0.2045404 -0.0163165 0.0703056 0.0428258 -0.4669182 -0.0887492 0.8787929
1664524865.397036 -0.0611127 0.0096688 0.0043854 0.0753959 0.1072139 -0.0697702 0.9889148
1664524865.995316 -0.0536509 -0.0020145 0.0022980 0.0880798 0.1657443 -0.0732253 0.9794941
1664524866.395191 -0.0389412 -0.0037955 -0.0012904 0.0725718 0.2157912 -0.0798250 0.9704615
1664524866.895693 -0.0296290 -0.0210790 -0.0093764 0.1117000 0.2268159 -0.0744584 0.9646418
1664524867.295371 -0.0063783 -0.0297296 -0.0255552 0.1206509 0.3300356 -0.0856725 0.9322984
1664524868.095187 -0.0020326 0.0229475 -0.0298983 0.1070970 0.2914447 -0.0739906 0.9476897
1664524868.495199 -0.0178998 0.0619115 -0.0233661 0.0578798 0.2325515 -0.0689929 0.9684058
1664524868.995207 -0.0259091 0.0647635 -0.0194301 0.0446682 0.2047569 -0.0594242 0.9759858
1664524869.595312 -0.0405100 0.0302160 0.0014818 0.0178431 0.1700073 -0.0599482 0.9834559
1664524870.195247 -0.0500331 0.0223697 0.0059361 0.0275298 0.1431442 -0.0517301 0.9879655
