1664524574.195466 0.0000000 0.0000000 0.0000000 -0.0000000 -0.0000000 -0.0000000 1.0000000
1664524574.395530 -0.0404418 -0.0132689 -0.0224482 -0.0093618 0.0172761 -0.0004001 0.9998068
1664524574.495189 -0.0421812 -0.0137938 -0.0262647 -0.0004154 0.0226569 -0.0041340 0.9997347
1664524574.795523 -0.0453792 -0.0131058 -0.0318895 0.0059769 0.0601668 -0.0164064 0.9980357
1664524574.995626 -0.0462708 -0.0132068 -0.0305146 0.0106697 0.1167704 -0.0095636 0.9930556
1664524575.095237 -0.0471904 -0.0132522 -0.0294309 0.0140670 0.1610830 -0.0062922 0.9868206
1664524575.295238 -0.0478720 -0.0140780 -0.0271794 0.0160968 0.2647435 0.0062410 0.9641644
1664524575.595472 -0.0499656 -0.0138405 -0.0263268 0.0260610 0.3697120 0.0006382 0.9287806
1664524575.995277 -0.0511879 -0.0143088 -0.0255773 0.0187588 0.4521272 -0.0107163 0.8916919
1664524576.897729 -0.0517017 -0.0157284 -0.0251040 -0.0235539 0.4713185 -0.0131901 0.8815499
1664524577.197773 -0.0517357 -0.0158917 -0.0252582 -0.0477183 0.4848060 -0.0125478 0.8732290
1664524577.697804 -0.0515790 -0.0160145 -0.0252507 -0.0658500 0.4602128 0.0147123 0.8852409
1664524577.997705 -0.0507715 -0.0161396 -0.0255721 -0.0770502 0.3487222 0.0265598 0.9336759
1664524578.197757 -0.0502503 -0.0162307 -0.0260400 -0.0754074 0.2524584 0.0466588 0.9635360
1664524578.597636 -0.0495292 -0.0163877 -0.0267854 -0.0824887 0.1003948 0.0732971 0.9888095
1664524578.797734 -0.0497220 -0.0164926 -0.0270101 -0.0700300 0.0312140 0.0703047 0.9945747
1664524578.997775 -0.0500398 -0.0164701 -0.0271163 -0.0622383 -0.0783300 0.0817426 0.9916193
1664524579.197722 -0.0501152 -0.0165118 -0.0272335 -0.0669151 -0.2205541 0.0886068 0.9690340
1664524579.297752 -0.0501361 -0.0165087 -0.0271931 -0.0633331 -0.2903442 0.0893797 0.9506317
1664524579.397696 -0.0501178 -0.0164855 -0.0272047 -0.0546047 -0.3572785 0.0892841 0.9281158
1664524579.597735 -0.0500471 -0.0164115 -0.0271708 -0.0452158 -0.4356580 0.0745232 0.8958815
1664524583.295797 -0.8663188 0.4090210 -0.0184119 -0.0661271 -0.5842929 0.0527547 0.8071221
1664524583.495779 -0.9900651 0.4171834 0.0077747 -0.0591427 -0.5783651 0.0505518 0.8120595
1664524583.695794 -1.1394303 0.4157298 0.0347117 -0.0552727 -0.5730175 0.0565769 0.8157175
1664524584.095751 -1.3757794 0.4078659 0.0760950 -0.0519605 -0.5660936 0.0702553 0.8196965
1664524584.295793 -1.4838401 0.4180952 0.1224211 -0.0567086 -0.5713077 0.0678567 0.8159577
1664524584.495742 -1.5972323 0.4266763 0.1950579 -0.0458315 -0.5768110 0.0656308 0.8129461
1664524584.695746 -1.6965041 0.4313676 0.2497498 -0.0477698 -0.5876192 0.0629182 0.8052721
1664524584.895737 -1.7869716 0.4490066 0.2940513 -0.0598691 -0.5946578 0.0500861 0.8001806
1664524585.095776 -1.8808526 0.4545298 0.3191056 -0.0628382 -0.5935194 0.0476706 0.8009455
1664524585.295699 -1.9912609 0.4519462 0.3455456 -0.0512306 -0.5796867 0.0541644 0.8114216
1664524585.495696 -2.1190884 0.4435154 0.3644488 -0.0542562 -0.5661209 0.0624868 0.8201578
1664524585.895567 -2.3588967 0.4607327 0.3957964 -0.0620391 -0.5516853 0.0574644 0.8297545
1664524586.495549 -2.7711365 0.5038381 0.6023016 -0.0466756 -0.5753546 0.0547750 0.8147320
1664524586.695271 -2.8880670 0.5151957 0.6471354 -0.0489874 -0.5742798 0.0510503 0.8155961
1664524586.895250 -3.0230408 0.5236089 0.6720873 -0.0482988 -0.5757150 0.0508838 0.8146352
1664524587.295172 -3.3154004 0.4963326 0.7137389 -0.0347471 -0.5592455 0.0822202 0.8241827
1664524587.495199 -3.4065733 0.4987674 0.7281865 -0.0404011 -0.5572971 0.0768118 0.8257650
1664524587.995967 -3.5633125 0.5310405 0.8232540 -0.0512371 -0.5681604 0.0617942 0.8189933
1664524588.197874 -3.6460042 0.5422070 0.8694692 -0.0487651 -0.5812547 0.0522505 0.8105770
1664524588.397820 -3.7448475 0.5587509 0.9084995 -0.0520551 -0.5756853 0.0484353 0.8145739
1664524589.097704 -4.1905599 0.5415862 0.9698892 -0.0417508 -0.5404179 0.0775673 0.8367729
1664524589.297660 -4.2898116 0.5564516 1.0075450 -0.0409752 -0.5409608 0.0676927 0.8373173
1664524589.697610 -4.4806914 0.5716586 1.1205125 -0.0363666 -0.5490608 0.0714830 0.8319255
1664524589.997579 -4.6222382 0.5949570 1.1978412 -0.0459803 -0.5659673 0.0619218 0.8208120
1664524590.197562 -4.7236223 0.6097731 1.2184794 -0.0471696 -0.5760077 0.0555385 0.8141901
1664524591.197628 -5.3863096 0.6310359 1.3339278 -0.0565587 -0.5797253 0.0635552 0.8103583
1664524591.497611 -5.5500026 0.6355231 1.4170818 -0.0337879 -0.5919433 0.0819881 0.8010865
1664524591.797532 -5.6776319 0.6529524 1.4809904 -0.0358737 -0.5991088 0.0632769 0.7973568
1664524592.097692 -5.8249707 0.6854572 1.5309241 -0.0529405 -0.5864384 0.0510200 0.8066501
1664524592.397641 -6.0359573 0.6816015 1.5821729 -0.0429270 -0.5674255 0.0671745 0.8195567
1664524592.997578 -6.4300299 0.7053481 1.6667728 -0.0654710 -0.5711822 0.0548100 0.8163703
1664524593.297671 -6.6581569 0.7382451 1.7936513 -0.0552148 -0.5730677 0.0622277 0.8152744
1664524593.597663 -6.8573680 0.7399892 1.9109023 -0.0441091 -0.5855760 0.0552858 0.8075263
1664524593.897666 -7.0471163 0.7667874 1.9788704 -0.0511000 -0.5712959 0.0482498 0.8177297
1664524594.197734 -7.2861190 0.7639807 2.0146115 -0.0448410 -0.5551702 0.0555258 0.8286689
1664524594.497612 -7.5175915 0.7638816 2.0428443 -0.0628611 -0.5462866 0.0593154 0.8331272
1664524594.895231 -7.7944479 0.8152358 2.1561575 -0.0660396 -0.5462491 0.0451671 0.8337928
1664524595.195237 -8.0254211 0.8053052 2.2870755 -0.0270633 -0.5627930 0.0543309 0.8243663
1664524595.495153 -8.2507000 0.8437730 2.3700452 -0.0589724 -0.5673220 0.0351820 0.8206279
1664524595.795208 -8.5263634 0.8498550 2.4304166 -0.0557768 -0.5587213 0.0529232 0.8257837
1664524596.095154 -8.7754202 0.8373883 2.4777374 -0.0683497 -0.5628065 0.0638275 0.8212814
1664524596.395162 -9.0019598 0.8827035 2.5548639 -0.0809763 -0.5673812 0.0434073 0.8183137
1664524596.695279 -9.2414455 0.8895305 2.7022948 -0.0523293 -0.5616791 0.0540753 0.8239262
1664524596.995235 -9.4669199 0.9182626 2.8271332 -0.0745219 -0.5656315 0.0345398 0.8205575
1664524597.295316 -9.7330246 0.9502021 2.9075689 -0.0660658 -0.5600578 0.0378655 0.8249466
1664524597.595355 -10.0088987 0.9289848 3.0015945 -0.0503779 -0.5561029 0.0678210 0.8268083
1664524597.995391 -10.2877789 0.9712639 3.1309791 -0.0717300 -0.5632139 0.0527144 0.8215024
1664524598.395506 -10.5597954 0.9832120 3.3383908 -0.0437906 -0.5676076 0.0594622 0.8199807
1664524598.795470 -10.8097258 1.0199217 3.4450638 -0.0686670 -0.5614044 0.0438650 0.8235203
1664524599.095675 -11.0679779 1.0054650 3.4747379 -0.0488464 -0.5625969 0.0551688 0.8234410
1664524599.395700 -11.2939568 0.9996757 3.4806941 -0.0611807 -0.5744836 0.0667626 0.8134915
1664524599.695670 -11.4887238 1.0354098 3.5209038 -0.0805470 -0.5916983 0.0465778 0.8007720
1664524599.997936 -11.7113495 1.0461003 3.6251724 -0.0629605 -0.5843696 0.0519394 0.8073726
1664524600.297860 -11.9047985 1.0511720 3.7454374 -0.0474836 -0.5599633 0.0364249 0.8263531
1664524600.597971 -12.0756559 1.0932540 3.8231623 -0.0725501 -0.5088224 0.0101863 0.8577486
1664524600.897962 -12.3032799 1.0782694 3.8808117 -0.0563367 -0.4615245 0.0232800 0.8850308
1664524601.097990 -12.4500942 1.0663021 3.9062624 -0.0516014 -0.4456471 0.0436179 0.8926553
1664524601.397964 -12.6331062 1.0932381 3.9570160 -0.0793103 -0.4486150 0.0352776 0.8894999
1664524601.697906 -12.8278790 1.1178424 4.0457439 -0.0770906 -0.4814174 0.0477229 0.8717893
1664524601.897975 -12.9725084 1.1123958 4.1157532 -0.0615707 -0.5106711 0.0531430 0.8559204
1664524602.098098 -13.1113548 1.1238320 4.1731176 -0.0594398 -0.5509731 0.0421533 0.8313355
1664524602.398200 -13.3028803 1.1536554 4.2317114 -0.0788946 -0.5746622 0.0332147 0.8139017
1664524603.297640 -13.9735889 1.1473970 4.3682194 -0.0485281 -0.6154948 0.0619119 0.7842054
1664524603.797706 -14.2226954 1.1714706 4.5172844 -0.0321656 -0.6058295 0.0636860 0.7923887
1664524605.497488 -14.3494883 1.1805950 4.6744456 -0.0469692 -0.3353804 0.0403532 0.9400455
1664524605.797954 -14.3776302 1.1831706 4.6461344 -0.0530585 -0.3965485 0.0443281 0.9154066
1664524607.195049 -14.4806595 1.1747156 4.5205650 -0.0596314 -0.5110927 0.0632839 0.8551161
1664524607.596138 -14.5779305 1.1865788 4.5413995 -0.0511756 -0.5404900 0.0679507 0.8370391
1664524608.995150 -14.6841536 1.1258935 4.3598967 -0.0369157 -0.8515835 0.0990485 0.5134513
1664524609.494319 -14.6552916 1.0962288 4.3061619 -0.0220263 -0.8784726 0.0966371 0.4673994
1664524610.595267 -14.5519390 1.0825682 4.2516694 -0.0171671 -0.8927702 0.1046803 0.4378456
1664524611.195513 -14.4480429 1.0830250 4.1682510 -0.0156472 -0.9303426 0.1095010 0.3496100
1664524611.697014 -14.3198147 1.0720156 4.0949416 -0.0166591 -0.9587472 0.1199649 0.2571668
1664524612.299311 -14.1906862 1.0651138 4.0437746 -0.0052489 -0.9854894 0.1173200 0.1225529
1664524612.797487 -14.1574354 1.0569401 3.9584045 0.0023222 -0.9938207 0.1073890 0.0279766
1664524613.198288 -14.1368790 1.0360591 3.8805528 -0.0063766 0.9891731 -0.1160873 0.0895538
1664524613.497458 -14.1018438 1.0225658 3.8751640 -0.0047561 0.9747630 -0.1168821 0.1901390
1664524613.797761 -14.0547609 1.0175467 3.8949957 -0.0035397 0.9505892 -0.1145610 0.2885194
1664524614.397610 -13.9597759 1.0402035 4.0243006 -0.0093744 0.8655409 -0.0915431 0.4923119
1664524614.597961 -13.9320488 1.0436835 4.0819345 -0.0164886 0.8268021 -0.0868270 0.5555066
1664524615.699175 -13.9112711 1.0769657 4.2407026 -0.0279384 0.6959639 -0.0715480 0.7139570
1664524616.397682 -13.9301996 1.0831305 4.3483276 -0.0265143 0.5910724 -0.0644392 0.8036032
1664524616.597646 -13.9441729 1.0882517 4.3813691 -0.0271039 0.5597643 -0.0642112 0.8257157
1664524616.797562 -13.9588318 1.0911305 4.4065132 -0.0295858 0.5315366 -0.0631728 0.8441581
1664524616.997648 -13.9654522 1.0989139 4.4287095 -0.0286923 0.5134412 -0.0584588 0.8556502
1664524618.395287 -13.8793545 1.0901632 4.2633634 -0.0186061 0.7498706 -0.0962800 0.6542767
1664524619.095111 -13.7551270 1.0853996 4.1626229 -0.0200719 0.8071513 -0.0872323 0.5835190
1664524619.495224 -13.6358204 1.0495242 4.0718203 -0.0055706 0.8218215 -0.1088428 0.5592242
1664524619.895175 -13.5383987 1.0558394 4.0109582 -0.0172294 0.8409945 -0.1110395 0.5292463
1664524620.195155 -13.4891682 1.0527081 3.9758115 -0.0205146 0.8857215 -0.1169133 0.4487850
1664524624.197662 -14.0462685 0.9585624 3.2662244 -0.0031489 -0.9745799 0.1411754 0.1739358
1664524624.897597 -14.1810265 0.9226686 2.9347465 -0.0118264 -0.9726613 0.1176822 0.1998524
1664524625.397607 -14.3763952 0.8683378 2.6377957 -0.0033973 -0.9719131 0.1394095 0.1895746
1664524625.997477 -14.5410347 0.8221265 2.3031321 -0.0049070 -0.9737568 0.1233701 0.1911896
1664524626.597565 -14.6156960 0.7457846 1.8723724 -0.0270419 -0.9731167 0.1285847 0.1891526
1664524627.097613 -14.7447691 0.7269393 1.5779576 -0.0175534 -0.9772987 0.1157509 0.1765812
1664524627.697598 -14.9712887 0.6512867 1.2240052 -0.0048466 -0.9789364 0.1229489 0.1629224
1664524628.197731 -15.0651684 0.6274132 0.8860965 -0.0086759 -0.9779334 0.1096991 0.1775865
1664524628.697608 -15.1069841 0.5343146 0.5346570 -0.0164142 -0.9738528 0.1217318 0.1911086
1664524629.197558 -15.1995173 0.5170879 0.2715282 -0.0172364 -0.9762216 0.1141288 0.1834911
1664524629.697614 -15.3790903 0.4469014 -0.0592203 -0.0030384 -0.9764336 0.1284064 0.1734361
1664524630.195331 -15.4816475 0.4284636 -0.3678517 -0.0061707 -0.9747461 0.1066970 0.1960812
1664524630.595321 -15.5193729 0.3496904 -0.6885662 -0.0156160 -0.9674423 0.1284298 0.2175252
1664524630.894153 -15.5562201 0.3242949 -0.8525233 -0.0212604 -0.9674851 0.1236001 0.2196447
1664524631.293981 -15.6522665 0.3086841 -1.0916781 -0.0199248 -0.9713390 0.1211558 0.2035310
1664524631.695251 -15.7979536 0.2554886 -1.3539548 0.0047901 -0.9741809 0.1302462 0.1843495
1664524632.095457 -15.8838234 0.2400085 -1.6037083 -0.0067444 -0.9770840 0.1005031 0.1875116
1664524632.495488 -15.9272289 0.1707710 -1.9366088 -0.0067598 -0.9677214 0.1143164 0.2245022
1664524632.795463 -15.9646606 0.1412563 -2.1398163 -0.0408677 -0.9659848 0.1115691 0.2296860
1664524633.095558 -16.0416756 0.1385078 -2.3216424 -0.0398340 -0.9677238 0.1011808 0.2273467
1664524633.294322 -16.1194839 0.1211424 -2.4659595 -0.0285706 -0.9695182 0.1103205 0.2169048
1664524633.595475 -16.2710533 0.0693086 -2.6653986 -0.0115429 -0.9714761 0.1178713 0.2054439
1664524633.895361 -16.3851814 0.0628787 -2.8080564 -0.0116442 -0.9718167 0.0964303 0.2147972
1664524634.295171 -16.4817734 0.0570656 -3.0261197 -0.0113049 -0.9631562 0.0818120 0.2559474
1664524634.595246 -16.5390472 -0.0168916 -3.2432985 -0.0043213 -0.9566528 0.0999517 0.2735080
1664524634.895020 -16.5871735 -0.0649238 -3.4378109 -0.0172079 -0.9560008 0.1267127 0.2640267
1664524635.397732 -16.6841373 -0.0901501 -3.6986299 -0.0311194 -0.9616697 0.1151220 0.2469209
1664524635.697498 -16.8006077 -0.1255656 -3.9041362 -0.0306268 -0.9660324 0.1330839 0.2193905
1664524636.097612 -16.9375725 -0.1660700 -4.1435184 -0.0179270 -0.9696656 0.1281485 0.2073772
1664524636.297543 -16.9904518 -0.1768923 -4.2396235 -0.0185836 -0.9679138 0.1206988 0.2196120
1664524636.497192 -17.0236702 -0.1845136 -4.3530879 -0.0207843 -0.9654397 0.1123593 0.2342431
1664524636.797567 -17.0730152 -0.2334483 -4.5606799 -0.0198330 -0.9534290 0.1337657 0.2696045
1664524636.997564 -17.0934925 -0.2867649 -4.7059112 -0.0098944 -0.9513354 0.1480596 0.2700769
1664524637.297578 -17.0962410 -0.2955490 -4.8842039 -0.0251591 -0.9593552 0.1278074 0.2503397
1664524637.697597 -17.1207314 -0.3103464 -5.0365191 -0.0198938 -0.9674096 0.1220560 0.2209642
1664524638.897715 -17.3222809 -0.3619299 -5.2540212 -0.0019518 -0.9380195 0.1357681 0.3188775
1664524639.297750 -17.3648033 -0.3505945 -5.1973376 -0.0296398 -0.8650322 0.1390049 0.4811638
1664524639.897623 -17.3606873 -0.3392851 -5.1581631 -0.0187627 -0.8439987 0.1434238 0.5164726
1664524640.097685 -17.3199310 -0.3507483 -5.2224593 -0.0146136 -0.8955340 0.1482183 0.4193290
1664524640.897665 -17.1496201 -0.3826104 -5.3983202 -0.0251281 -0.9859217 0.1348207 0.0956585
1664524641.097776 -17.1310406 -0.3908508 -5.4202709 -0.0296178 -0.9879695 0.1370400 0.0652627
1664524641.297576 -17.1065521 -0.3856432 -5.4365020 -0.0368065 -0.9902772 0.1326547 0.0199798
1664524641.497792 -17.0662975 -0.3788446 -5.4541569 0.0197894 0.9900094 -0.1380652 0.0206872
1664524641.697803 -16.9999752 -0.3806366 -5.4724188 0.0141141 0.9885046 -0.1382063 0.0596542
1664524641.895436 -16.9218731 -0.3832676 -5.4650722 0.0184574 0.9830469 -0.1371180 0.1203183
1664524642.295198 -16.7848434 -0.3579873 -5.4287624 0.0077206 0.9669385 -0.1168917 0.2265101
1664524642.595504 -16.6889648 -0.3452081 -5.4105778 -0.0051682 0.9436783 -0.0987080 0.3157552
1664524642.895596 -16.5892029 -0.3536830 -5.4002681 -0.0195623 0.8993741 -0.0848182 0.4284268
1664524643.095544 -16.5332184 -0.3644655 -5.4042764 -0.0257816 0.8652296 -0.0835316 0.4936956
1664524643.495458 -16.4684944 -0.3657387 -5.3761187 -0.0299724 0.8069770 -0.0751503 0.5850148
1664524643.795436 -16.4243126 -0.3647620 -5.3283176 -0.0303875 0.7545064 -0.0707183 0.6517635
1664524646.695644 -16.4469147 -0.3489971 -5.1072865 -0.0643169 -0.1009887 0.0090152 0.9927654
1664524648.198067 -16.3560963 -0.3482879 -5.1447344 -0.0593188 0.0991357 -0.0169278 0.9931601
1664524648.397947 -16.3020325 -0.3513662 -5.1609783 -0.0556320 0.2177389 -0.0277165 0.9740261
1664524648.497920 -16.2728615 -0.3540752 -5.1719561 -0.0547752 0.2783324 -0.0322957 0.9583777
1664524648.597951 -16.2361717 -0.3544241 -5.1842155 -0.0540542 0.3366641 -0.0354754 0.9394025
1664524648.797930 -16.2149696 -0.3563222 -5.1990633 -0.0577891 0.4422880 -0.0449848 0.8938782
1664524650.597895 -16.0626678 -0.2983939 -5.1672273 -0.0505055 0.8145239 -0.0555781 0.5752486
1664524650.897824 -15.9711370 -0.2831420 -5.1633129 -0.0590305 0.8187757 -0.0500932 0.5688694
1664524651.197946 -15.8200455 -0.2831898 -5.2357135 -0.0599662 0.8152186 -0.0541147 0.5734931
1664524651.497802 -15.6559868 -0.3260150 -5.3411517 -0.0444962 0.8141948 -0.0834261 0.5728411
1664524652.597761 -14.9503250 -0.3542412 -5.4836512 -0.0294522 0.8256263 -0.0945715 0.5554549
1664524653.297596 -14.5383883 -0.3511191 -5.6052551 -0.0360850 0.8202472 -0.0707733 0.5664660
1664524654.095569 -13.9865026 -0.3602374 -5.8217487 -0.0592286 0.8218814 -0.0610596 0.5632715
1664524654.495298 -13.6319427 -0.3889437 -5.8609085 -0.0330292 0.8290446 -0.0743902 0.5532271
1664524654.894948 -13.3557997 -0.3549222 -5.9198933 -0.0519329 0.8287319 -0.0415192 0.5556822
1664524655.395167 -13.0188084 -0.4040551 -6.1339712 -0.0398794 0.8188759 -0.0754245 0.5675940
1664524655.795162 -12.7894926 -0.4050481 -6.2530622 -0.0514992 0.8223605 -0.0591034 0.5635404
1664524656.095104 -12.5750008 -0.4014673 -6.3095646 -0.0511975 0.8256185 -0.0698685 0.5575405
1664524656.395149 -12.3340340 -0.4212949 -6.3515215 -0.0362552 0.8245547 -0.0747526 0.5596492
1664524656.795081 -12.0782242 -0.4155010 -6.4392557 -0.0464121 0.8287427 -0.0512879 0.5553388
1664524657.295127 -11.6973867 -0.4563217 -6.6652923 -0.0351718 0.8230413 -0.0732736 0.5621359
1664524657.797118 -11.3488894 -0.4397926 -6.8280077 -0.0526840 0.8228835 -0.0459660 0.5638921
1664524658.195240 -10.9898520 -0.4872123 -6.8999395 -0.0277937 0.8249905 -0.0812686 0.5585818
1664524658.597769 -10.6810999 -0.4678150 -7.0088878 -0.0462387 0.8278813 -0.0482386 0.5569091
1664524658.997658 -10.3603439 -0.4903247 -7.1768799 -0.0355498 0.8137904 -0.0616809 0.5767815
1664524659.397668 -10.1209021 -0.5075591 -7.3091106 -0.0620924 0.8147116 -0.0602356 0.5733771
1664524659.897704 -9.7773743 -0.5080063 -7.3739562 -0.0463900 0.8534545 -0.0599825 0.5156215
1664524660.298573 -9.5226555 -0.5087214 -7.3824787 -0.0374172 0.8645636 -0.0589293 0.4976516
1664524660.697756 -9.3190861 -0.4871101 -7.4592676 -0.0463316 0.8571692 -0.0504650 0.5104584
1664524661.097840 -9.0496969 -0.5483698 -7.6534405 -0.0302692 0.8566415 -0.0743519 0.5096281
1664524661.497791 -8.8102198 -0.5352807 -7.7830915 -0.0494997 0.8471372 -0.0481548 0.5268677
1664524661.897780 -8.4672775 -0.5293046 -7.8463116 -0.0449600 0.8453995 -0.0439300 0.5304227
1664524662.697788 -7.8696394 -0.5538047 -8.0615511 -0.0461121 0.8346410 -0.0566174 0.5459328
1664524663.197773 -7.6032553 -0.5939758 -8.2544823 -0.0606542 0.8233272 -0.0693362 0.5600411
1664524663.597787 -7.3851280 -0.5955513 -8.3309460 -0.0581783 0.8253622 -0.0651214 0.5578098
1664524664.097862 -6.9953108 -0.6064606 -8.3843775 -0.0459488 0.8339930 -0.0634539 0.5461851
1664524664.597903 -6.6851406 -0.5751541 -8.4813747 -0.0527960 0.8231024 -0.0552998 0.5627230
1664524665.097949 -6.3030853 -0.5892258 -8.6875219 -0.0635581 0.8222649 -0.0608245 0.5622644
1664524665.495697 -6.0639286 -0.5810030 -8.7686214 -0.0674733 0.8260326 -0.0584963 0.5565032
1664524665.995012 -5.5937109 -0.6096927 -8.8490591 -0.0417468 0.8266144 -0.0814016 0.5552834
1664524666.496382 -5.2253532 -0.6015490 -8.9895058 -0.0538415 0.8177052 -0.0640981 0.5695181
1664524667.095221 -4.7930040 -0.6439278 -9.2174683 -0.0542497 0.8121592 -0.0743200 0.5761346
1664524667.595223 -4.3562880 -0.6513172 -9.3249874 -0.0414189 0.8300782 -0.0787021 0.5505095
1664524668.094986 -3.9494171 -0.6530101 -9.3884163 -0.0454430 0.8201512 -0.0602397 0.5671493
1664524668.595147 -3.5191803 -0.6599070 -9.5857344 -0.0384449 0.7994936 -0.0528914 0.5971051
1664524669.094945 -3.1512728 -0.6686818 -9.7548580 -0.0518075 0.8104185 -0.0435428 0.5819294
1664524669.494740 -2.7727785 -0.6890858 -9.8091993 -0.0411217 0.8147873 -0.0742875 0.5735086
1664524669.994916 -2.3836842 -0.6912561 -9.9302969 -0.0396373 0.8233528 -0.0632152 0.5626036
1664524670.497450 -1.9404049 -0.7179447 -10.1441431 -0.0425415 0.8089563 -0.0822194 0.5805342
1664524670.997485 -1.5685577 -0.7057093 -10.2739363 -0.0573699 0.8155629 -0.0664232 0.5719737
1664524671.497372 -1.0708027 -0.7478756 -10.3815002 -0.0263965 0.8287734 -0.0695501 0.5546176
1664524671.997309 -0.6606426 -0.7136599 -10.5454245 -0.0428185 0.8239552 -0.0494205 0.5628695
1664524672.497227 -0.2440710 -0.7636499 -10.7518787 -0.0548374 0.8257881 -0.0592668 0.5581706
1664524672.997102 0.2227840 -0.7490793 -10.8817883 -0.0532531 0.8417303 -0.0543664 0.5345078
1664524673.398165 0.5716648 -0.7719187 -10.9520512 -0.0449209 0.8477655 -0.0574189 0.5253367
1664524673.898127 0.9989529 -0.7936783 -11.1395578 -0.0377554 0.8316891 -0.0719455 0.5492647
1664524674.297951 1.3058643 -0.7959809 -11.2858238 -0.0575011 0.8283064 -0.0587030 0.5542167
1664524674.796847 1.7890482 -0.8021950 -11.3885994 -0.0592933 0.8413420 -0.0657117 0.5332072
1664524675.297673 2.1689353 -0.8242910 -11.4427452 -0.0439323 0.8396595 -0.0575700 0.5382637
1664524675.697602 2.4433851 -0.8276224 -11.5824213 -0.0441033 0.8312412 -0.0718908 0.5494769
1664524676.197647 2.8349981 -0.8464986 -11.7804422 -0.0663700 0.8219963 -0.0740162 0.5607483
1664524676.697587 3.3050809 -0.8342819 -11.8515310 -0.0668243 0.8229510 -0.0591763 0.5610563
1664524677.195406 3.6718354 -0.8631775 -11.9079714 -0.0510255 0.8271630 -0.0627188 0.5561153
1664524677.694975 4.0254803 -0.8618742 -12.1074829 -0.0363798 0.8198568 -0.0611363 0.5681318
1664524678.195149 4.4098430 -0.8627119 -12.3226204 -0.0513290 0.8204067 -0.0479605 0.5674487
1664524678.595180 4.7554054 -0.8700305 -12.4224339 -0.0409035 0.8417445 -0.0625894 0.5346736
1664524678.995163 5.0817084 -0.8881997 -12.4988775 -0.0342287 0.8364194 -0.0495511 0.5447713
1664524679.395155 5.3864560 -0.8560368 -12.6392040 -0.0539573 0.8271012 -0.0481270 0.5573832
1664524679.795156 5.6981392 -0.9229994 -12.8321533 -0.0666943 0.8180207 -0.0714814 0.5668197
1664524680.095170 5.8921661 -0.8942591 -12.9210987 -0.0711339 0.8306022 -0.0407633 0.5507980
1664524680.495237 6.2675705 -0.9221351 -12.9749928 -0.0583993 0.8340802 -0.0566281 0.5456123
1664524680.895245 6.5612354 -0.9174687 -13.0207596 -0.0578764 0.8318979 -0.0461741 0.5499676
1664524681.295112 6.8905010 -0.9092399 -13.2026091 -0.0593977 0.8306530 -0.0446083 0.5518131
1664524681.795104 7.2530828 -0.9493352 -13.3921719 -0.0659978 0.8271259 -0.0638713 0.5544615
1664524682.197409 7.6033859 -0.9428663 -13.4622469 -0.0557605 0.8411865 -0.0705223 0.5332193
1664524682.597715 7.9373398 -0.9504669 -13.4888134 -0.0428747 0.8401476 -0.0473884 0.5385795
1664524682.897779 8.1352053 -0.9362542 -13.5471992 -0.0490333 0.8365045 -0.0331585 0.5447537
1664524683.197709 8.3823462 -0.9342865 -13.6702843 -0.0507837 0.8332598 -0.0524458 0.5480408
1664524683.497923 8.6198263 -0.9606984 -13.7941866 -0.0591689 0.8209087 -0.0637247 0.5643999
1664524683.897692 8.8972130 -0.9583399 -13.9221325 -0.0664807 0.8323638 -0.0540428 0.5475675
1664524684.297674 9.2830420 -0.9971137 -14.0276604 -0.0381728 0.8306671 -0.0797483 0.5497045
1664524684.597713 9.5180140 -0.9953663 -14.1079597 -0.0522313 0.8347368 -0.0497388 0.5459050
1664524684.897612 9.7534657 -0.9765568 -14.2400055 -0.0580985 0.8256056 -0.0447664 0.5594605
1664524685.197530 10.0180092 -1.0155008 -14.3827724 -0.0427920 0.8198193 -0.0643812 0.5673801
1664524685.597450 10.2996826 -0.9905137 -14.5314026 -0.0858298 0.8263705 -0.0384845 0.5552154
1664524685.997518 10.6952181 -1.0069792 -14.5910740 -0.0611922 0.8324952 -0.0556667 0.5478218
1664524686.297713 10.9678764 -1.0408599 -14.6495380 -0.0299810 0.8402801 -0.0336485 0.5402763
1664524686.597550 11.2108002 -1.0060906 -14.7068033 -0.0496739 0.8273075 -0.0207662 0.5591635
1664524686.897609 11.4916039 -1.0349770 -14.8243484 -0.0413444 0.8200476 -0.0488066 0.5687097
1664524687.197661 11.7060547 -1.0639961 -14.9298534 -0.0524653 0.8161160 -0.0568266 0.5726892
1664524687.497955 11.8804836 -1.0425513 -15.0134716 -0.0600948 0.8318453 -0.0424323 0.5501105
1664524687.797288 12.1186018 -1.0479416 -15.0913172 -0.0634763 0.8460689 -0.0588931 0.5259941
1664524688.097590 12.3707333 -1.0765421 -15.1471386 -0.0388736 0.8439043 -0.0570708 0.5320314
1664524688.397318 12.5633259 -1.0742203 -15.2274351 -0.0403093 0.8475888 -0.0364789 0.5278614
1664524688.697689 12.7519321 -1.0852560 -15.3359671 -0.0441089 0.8410834 -0.0440796 0.5372990
1664524688.897304 12.8832474 -1.1067328 -15.4367275 -0.0486500 0.8458883 -0.0558524 0.5281921
1664524689.295099 13.1128998 -1.1143073 -15.5759144 -0.0566715 0.8344058 -0.0541420 0.5455493
1664524689.595020 13.3308544 -1.0913403 -15.6662331 -0.0567741 0.8387848 -0.0480345 0.5393603
1664524689.895379 13.5852060 -1.1273383 -15.7483377 -0.0327920 0.8363606 -0.0687428 0.5428629
1664524690.194897 13.8023739 -1.1232911 -15.8432121 -0.0354906 0.8412709 -0.0445514 0.5376049
1664524690.495272 14.0348768 -1.1149306 -16.0016594 -0.0413950 0.8389553 -0.0488773 0.5404179
1664524690.695215 14.1981106 -1.1418719 -16.1013794 -0.0294105 0.8352975 -0.0585470 0.5458804
1664524690.895180 14.3303118 -1.1498877 -16.1786804 -0.0545770 0.8278916 -0.0516440 0.5558325
1664524691.095217 14.4647102 -1.1287827 -16.2421303 -0.0685335 0.8290328 -0.0334804 0.5539737
1664524691.295245 14.6184072 -1.1297703 -16.2883797 -0.0751395 0.8318747 -0.0373156 0.5485855
1664524691.495234 14.7956543 -1.1569811 -16.3347397 -0.0544107 0.8309735 -0.0579504 0.5506034
1664524691.695033 14.9530659 -1.1747751 -16.3407021 -0.0420519 0.8324272 -0.0646703 0.5487390
1664524691.895103 15.0836840 -1.1616070 -16.3361034 -0.0447962 0.8347596 -0.0457287 0.5468806
1664524692.295073 15.3721466 -1.1322204 -16.4424477 -0.0621378 0.8189563 -0.0494981 0.5683305
1664524692.495089 15.5614042 -1.1697855 -16.5385208 -0.0496848 0.8159306 -0.0556288 0.5733186
1664524692.695004 15.7085171 -1.1717625 -16.5942593 -0.0498809 0.8057063 -0.0660655 0.5865020
1664524692.894913 15.8397770 -1.1672156 -16.6470032 -0.0566224 0.8094620 -0.0464120 0.5825902
1664524693.295057 16.1328201 -1.1264888 -16.6870136 -0.0654899 0.8176447 -0.0432936 0.5703456
1664524693.495366 16.3346138 -1.1316688 -16.6863079 -0.0478586 0.8194904 -0.0420232 0.5695429
1664524693.695119 16.5140553 -1.1334831 -16.6745834 -0.0292644 0.8026047 -0.0439161 0.5941722
1664524693.895289 16.6292419 -1.1290468 -16.6086864 -0.0315155 0.7786672 -0.0379506 0.6254950
1664524693.996955 16.6820602 -1.1194654 -16.6053886 -0.0310841 0.7668568 -0.0313251 0.6402994
1664524694.097494 16.7238960 -1.1068470 -16.5873604 -0.0273640 0.7506469 -0.0267866 0.6595931
1664524694.197492 16.7819061 -1.0973841 -16.5689354 -0.0284938 0.7275299 -0.0258729 0.6849956
1664524697.597654 12.5827913 -0.1904156 -12.8392258 0.0457089 0.1574942 -0.0517280 0.9851044
1664524697.697624 12.5893669 -0.1906101 -12.7772579 0.0439109 0.1676888 -0.0524405 0.9834645
1664524697.797289 12.5958681 -0.1987092 -12.7203751 0.0468280 0.1754739 -0.0522956 0.9819783
1664524697.997645 12.5894566 -0.2141084 -12.5856686 0.0633271 0.1846248 -0.0549617 0.9792256
1664524698.097681 12.5892305 -0.2196943 -12.5230618 0.0651423 0.1842329 -0.0512642 0.9793808
1664524698.297560 12.6005974 -0.2152231 -12.4246407 0.0445055 0.1841546 -0.0498079 0.9806251
1664524698.397546 12.6104670 -0.2152814 -12.3732262 0.0482602 0.1791454 -0.0464779 0.9815385
1664524698.597630 12.6416149 -0.2153061 -12.2482624 0.0395358 0.1649781 -0.0381864 0.9847643
1664524698.797449 12.6917658 -0.2228577 -12.1052265 0.0564736 0.1586647 -0.0382925 0.9849721
1664524698.997485 12.7479324 -0.2556084 -11.9629669 0.0813045 0.1643120 -0.0554860 0.9814849
1664524699.197979 12.7978125 -0.2700802 -11.8425255 0.0578875 0.1618442 -0.0569734 0.9834682
1664524699.397579 12.8367491 -0.2609125 -11.7350883 0.0418344 0.1761079 -0.0582993 0.9817521
1664524699.597407 12.8635387 -0.2533913 -11.6018152 0.0411293 0.1880343 -0.0595546 0.9794920
1664524699.797543 12.8992195 -0.2795585 -11.4533634 0.0559730 0.2010123 -0.0559012 0.9763892
1664524699.997556 12.9229174 -0.2938716 -11.3070526 0.0712015 0.2034431 -0.0444871 0.9754806
1664524700.197375 12.9542961 -0.2945242 -11.1944923 0.0532161 0.2062543 -0.0295685 0.9766027
1664524700.397542 13.0179005 -0.2845301 -11.0756912 0.0363002 0.2000085 -0.0290699 0.9786899
1664524700.597599 13.1069536 -0.2868316 -10.9419918 0.0476729 0.1895622 -0.0319380 0.9801906
1664524700.795264 13.1959133 -0.3246920 -10.8065395 0.0627526 0.1858021 -0.0433555 0.9796224
1664524700.995567 13.2716484 -0.3338294 -10.6967506 0.0460411 0.1720745 -0.0506560 0.9827027
1664524701.295257 13.3410397 -0.3302684 -10.5338411 0.0319562 0.1795548 -0.0488539 0.9820144
1664524701.495263 13.4255943 -0.3680373 -10.3748474 0.0508625 0.1829708 -0.0579881 0.9800879
1664524701.695194 13.4448481 -0.3220789 -10.2118979 0.0852472 0.1838665 -0.0571783 0.9775769
1664524701.895248 13.5230618 -0.2573347 -10.0617151 0.0832230 0.1854668 -0.0379676 0.9783837
1664524702.095184 13.5555410 -0.4020449 -9.9102268 0.0584602 0.1774783 -0.0382950 0.9816402
1664524702.295199 13.6732416 -0.2273606 -9.8002586 0.0655273 0.1681861 -0.0432862 0.9826220
1664524702.495144 14.0257463 -0.1628625 -9.2455530 0.0903087 0.1480301 -0.0418406 0.9839618
1664524702.795497 13.9816751 -0.3216247 -9.1520653 0.0752377 0.1450430 -0.0615061 0.9846416
1664524702.995218 13.9967804 -0.4062926 -9.1021461 0.0496963 0.1503492 -0.0657615 0.9851907
1664524703.195478 14.0399170 -0.4986944 -9.0453148 0.0277519 0.1677351 -0.0618302 0.9834998
1664524703.395226 14.0668774 -0.7022962 -8.9531898 0.0256832 0.1734409 -0.0577099 0.9828165
1664524703.695256 13.9820099 -0.9753053 -8.7766094 0.0201736 0.1678906 -0.0505356 0.9843028
1664524703.895291 14.0392199 -1.0334439 -8.6964741 -0.0081081 0.1716358 -0.0459882 0.9840530
1664524704.095330 14.0700197 -1.0784247 -8.5819082 -0.0330624 0.1652670 -0.0451982 0.9846576
1664524704.295271 14.0935812 -1.1859500 -8.4522390 -0.0352192 0.1645038 -0.0413478 0.9848800
1664524704.595348 14.1137600 -1.4825251 -8.2091188 -0.0508287 0.1889838 -0.0559039 0.9790692
1664524704.795303 13.9612560 -1.4262171 -8.0381613 -0.0687840 0.2058549 -0.0597831 0.9743298
1664524704.995370 14.1289606 -1.4772314 -7.9433455 -0.0963054 0.1992621 -0.0414124 0.9743229
1664524705.195375 14.0973797 -1.5625935 -7.7191672 -0.1126390 0.2271912 -0.0510959 0.9659637
1664524705.797813 14.3121700 -1.8135448 -7.3858466 -0.1404368 0.2368602 -0.0327157 0.9607833
1664524706.897640 15.1580362 -2.0392222 -7.1608119 -0.1657634 0.3567334 -0.0445746 0.9183012
1664524707.197772 15.2356920 -2.0554466 -7.2609663 -0.1600961 0.3773789 -0.0384779 0.9113035
1664524707.697739 15.0781069 -1.9224499 -7.0768480 -0.1497196 0.3872204 -0.0528032 0.9082161
1664524708.197788 15.0880308 -2.0810835 -6.9663792 -0.1855296 0.3091185 -0.0315049 0.9322189
1664524708.797776 14.7853336 -1.9090080 -6.8342090 -0.1747260 0.3081132 -0.0450170 0.9340828
1664524709.097911 14.3654814 -1.9503043 -6.5479722 -0.1961589 0.2247222 -0.0341758 0.9538624
1664524709.397824 14.3467703 -1.9469187 -6.6652803 -0.1804134 0.1309006 -0.0024124 0.9748386
1664524709.697589 14.1797771 -2.0984311 -6.3453093 -0.2408276 0.1419423 0.0053793 0.9601175
1664524710.997895 14.2626820 -1.2668035 -6.7787123 -0.0706760 -0.2910863 0.0406260 0.9532173
1664524711.297800 14.2317276 -1.1986986 -6.8405962 -0.0645444 -0.4117817 0.0532279 0.9074342
1664524711.997890 14.1471272 -1.1966418 -6.9777298 -0.0594466 -0.6103055 0.0784715 0.7860251
1664524712.397885 14.1349392 -1.2165233 -7.0638332 -0.0522470 -0.6975484 0.0859918 0.7094377
1664524712.795671 14.1359949 -1.2457365 -7.1780510 -0.0450200 -0.8005370 0.0958466 0.5898533
1664524712.995685 14.1524668 -1.2474777 -7.2477803 -0.0396595 -0.8477347 0.1045761 0.5184948
1664524713.395621 14.2291746 -1.2736663 -7.3550940 -0.0457350 -0.9125608 0.1183858 0.3887494
1664524713.795705 14.3000650 -1.2881402 -7.4217248 -0.0468956 -0.9466590 0.1204630 0.2951711
1664524714.195597 14.3030481 -1.2855051 -7.4281864 -0.0469855 -0.9448088 0.1158789 0.3028210
1664524714.595306 14.2521667 -1.2743030 -7.3433270 -0.0459917 -0.8879457 0.1149355 0.4429753
1664524714.795286 14.2198858 -1.2595929 -7.2854366 -0.0467047 -0.8360699 0.1119981 0.5350348
1664524714.995315 14.1753139 -1.2536441 -7.1831741 -0.0492711 -0.7704143 0.1013638 0.6275027
1664524715.195219 14.1970272 -1.2482569 -7.0792255 -0.0530306 -0.6935617 0.0876549 0.7130755
1664524715.595270 14.2227888 -1.2085344 -6.8985615 -0.0488663 -0.5062729 0.0588578 0.8589736
1664524715.995154 14.3225126 -1.1901026 -6.7670331 -0.0539569 -0.3008354 0.0250818 0.9518181
1664524716.395179 14.3518009 -1.3112919 -6.7799454 -0.0854708 -0.1899569 0.0169208 0.9779187
1664524716.895114 14.4863949 -1.7972178 -6.5613775 -0.1918973 -0.0672577 0.0257967 0.9787679
1664524717.295171 14.5458889 -1.8872573 -6.3264618 -0.2201010 0.1734768 -0.0145149 0.9598181
1664524717.697614 14.7256832 -1.8417475 -6.3488598 -0.2229171 0.1812290 -0.0261656 0.9574860
1664524718.097588 14.8075447 -1.8019109 -6.2538013 -0.2301545 0.1636132 -0.0091189 0.9592584
1664524718.497578 14.9328499 -1.7276602 -6.0191669 -0.2277864 0.1350383 -0.0013466 0.9643009
1664524718.997889 15.9293451 -0.3191750 -5.9196792 0.1271365 -0.1293377 0.0106878 0.9833584
1664524719.297573 15.0016794 -1.2177300 -5.7826443 -0.1154859 0.0221877 0.0292922 0.9926291
1664524719.597601 14.8800364 -1.0894455 -5.7286344 -0.0705497 -0.0957287 0.0266602 0.9925461
1664524719.897511 14.7683048 -1.0279555 -5.7038245 -0.0725760 -0.3150322 0.0353345 0.9456421
1664524720.298433 14.5837126 -0.9978946 -5.7729621 -0.0960576 -0.5078882 0.0395407 0.8551369
1664524720.697555 14.3526382 -1.0031825 -5.6851492 -0.0712963 -0.5536584 0.0484339 0.8282714
1664524721.097630 14.1182480 -0.9623677 -5.6116891 -0.0901457 -0.5664362 0.0444848 0.8179517
1664524721.497594 13.8626919 -0.9307042 -5.4703627 -0.0770219 -0.5766679 0.0593031 0.8111750
1664524721.997646 13.5035553 -0.8524241 -5.3311095 -0.0584218 -0.6078179 0.0544578 0.7900498
1664524722.397774 13.1845045 -0.8459547 -5.2669458 -0.0608246 -0.5851892 0.0749547 0.8051309
1664524722.897598 12.8440704 -0.7916725 -5.1620917 -0.0973884 -0.5841597 0.0633265 0.8032825
1664524723.197664 12.6112862 -0.7674409 -5.0391593 -0.0864824 -0.5746907 0.0712126 0.8106666
1664524723.497694 12.3994465 -0.7449312 -4.9364548 -0.0788326 -0.5857069 0.0527854 0.8049513
1664524723.797688 12.1476851 -0.7145481 -4.8747892 -0.0805889 -0.5899144 0.0526869 0.8017048
1664524724.097729 11.8756218 -0.7194398 -4.8069048 -0.0686557 -0.5790848 0.0650531 0.8097626
1664524724.395015 11.6327801 -0.6768587 -4.7181697 -0.0926487 -0.5665786 0.0600094 0.8165806
1664524724.795251 11.2944450 -0.6485330 -4.5622320 -0.0637840 -0.5788082 0.0605889 0.8107044
1664524724.995294 11.1402073 -0.6399401 -4.5038834 -0.0643415 -0.5967011 0.0443810 0.7986478
1664524725.295372 10.9288960 -0.6196086 -4.4335933 -0.0650586 -0.5808926 0.0563011 0.8094205
1664524725.495308 10.7820368 -0.6188411 -4.3875222 -0.0618711 -0.5612775 0.0582903 0.8232508
1664524725.795226 10.5951166 -0.6029410 -4.3231111 -0.0764966 -0.5440725 0.0634812 0.8331288
1664524725.995276 10.4905939 -0.5862196 -4.2867379 -0.0816304 -0.5475253 0.0608522 0.8305719
1664524726.295365 10.2972288 -0.5519637 -4.1872373 -0.0812348 -0.5598437 0.0699788 0.8216320
1664524726.595323 10.0690336 -0.5403013 -4.0704250 -0.0647883 -0.5786468 0.0602956 0.8107619
1664524726.895453 9.8686504 -0.5011079 -3.9930363 -0.0900605 -0.5976510 0.0472492 0.7952798
1664524727.195440 9.6269264 -0.4807357 -3.9246995 -0.0691494 -0.5857460 0.0586559 0.8054065
1664524727.494869 9.3712778 -0.4942055 -3.8655064 -0.0631879 -0.5659668 0.0651773 0.8194149
1664524727.795971 9.1686487 -0.4597327 -3.7842367 -0.0799110 -0.5647362 0.0565766 0.8194427
1664524728.096105 8.9154520 -0.4377568 -3.6828556 -0.0601052 -0.5656853 0.0696592 0.8194725
1664524728.395729 8.6907749 -0.4237705 -3.5988016 -0.0766001 -0.5933925 0.0557780 0.7993163
1664524728.795733 8.3678303 -0.3948269 -3.5155811 -0.0553843 -0.5804748 0.0750987 0.8089139
1664524729.096069 8.1097565 -0.3929167 -3.4402251 -0.0626682 -0.5651775 0.0768867 0.8189845
1664524729.498120 7.8319659 -0.3355651 -3.3223464 -0.0809498 -0.5561159 0.0585533 0.8250780
1664524729.897968 7.5184464 -0.3115549 -3.1546557 -0.0620564 -0.5810938 0.0421867 0.8103699
1664524730.297764 7.2216830 -0.2784031 -3.0795627 -0.0670129 -0.5837172 0.0477574 0.8077765
1664524730.598397 6.9581132 -0.2938097 -3.0068336 -0.0504640 -0.5614667 0.0668430 0.8232499
1664524730.897650 6.7349715 -0.2743660 -2.9421635 -0.0660366 -0.5559099 0.0608563 0.8263776
1664524731.297972 6.4142809 -0.2301774 -2.8151436 -0.0621171 -0.5750398 0.0566913 0.8137917
1664524731.696951 6.1036267 -0.1951682 -2.7112188 -0.0730557 -0.5862139 0.0363651 0.8060358
1664524732.097672 5.7476025 -0.1686905 -2.6282470 -0.0748459 -0.5654500 0.0362321 0.8205801
1664524732.397676 5.4913197 -0.1636847 -2.5483019 -0.0916647 -0.5562348 0.0539702 0.8241892
1664524732.697587 5.2473140 -0.1072893 -2.4317110 -0.0864916 -0.5552467 0.0434377 0.8260348
1664524733.097478 4.9482918 -0.0989256 -2.2767434 -0.0800268 -0.5702067 0.0414388 0.8165432
1664524733.397678 4.7130523 -0.0707709 -2.1991117 -0.0708517 -0.5530121 0.0514352 0.8285604
1664524733.697865 4.4663358 -0.0797516 -2.1316378 -0.0601097 -0.5475610 0.0667886 0.8319274
1664524733.998493 4.2393141 -0.0634377 -2.0678706 -0.0790759 -0.5498132 0.0588646 0.8294501
1664524734.397858 3.9138637 -0.0235481 -1.9376516 -0.0687356 -0.5622676 0.0630914 0.8216752
1664524734.797487 3.6251125 -0.0002394 -1.8272647 -0.0751932 -0.5872695 0.0562444 0.8039259
1664524735.198311 3.2954092 0.0242607 -1.7392124 -0.0625696 -0.5873421 0.0672224 0.8041117
1664524735.597785 2.9854722 0.0266286 -1.6520848 -0.0724341 -0.5772708 0.0854211 0.8088356
1664524736.095524 2.5747805 0.0742386 -1.4898856 -0.0587360 -0.5791437 0.0799031 0.8091713
1664524736.495836 2.2518106 0.1055936 -1.3915195 -0.0582899 -0.6097121 0.0503791 0.7888697
1664524736.895591 1.8954613 0.1221464 -1.3132992 -0.0510074 -0.5861424 0.0632623 0.8061223
1664524737.294482 1.5572602 0.1327510 -1.1887064 -0.0553721 -0.5580172 0.0864569 0.8234536
1664524737.794419 1.1763517 0.1972510 -0.9860904 -0.0337648 -0.5746603 0.0708136 0.8146232
1664524738.294794 0.8106675 0.2707453 -0.8489065 -0.0683538 -0.5628891 0.0468779 0.8223662
1664524739.195331 0.2878354 0.3393928 -0.4854115 -0.0607370 -0.3674855 0.0412767 0.9271254
1664524740.595188 -0.0485891 0.3064055 -0.1692918 -0.0825691 -0.0142535 0.0149005 0.9963719
1664524740.795631 -0.0502232 0.2503142 -0.1168339 -0.0789024 -0.0037099 -0.0020459 0.9968733
1664524741.597563 -0.1039589 0.0112359 0.0742000 -0.0443489 0.0309459 0.0005078 0.9985366
1664524742.697650 -0.1234677 -0.0052576 0.0822630 -0.0595680 0.0533816 -0.0066375 0.9967738
1664524743.997624 -0.0393823 0.0010106 0.1131528 -0.0552607 0.0764371 0.0043161 0.9955326
1664524744.197614 0.0378617 0.0062477 0.1103566 -0.0507397 0.1215667 -0.0067543 0.9912626
1664524744.497547 0.1745106 0.0024004 0.0980355 -0.0541969 0.2132765 -0.0243047 0.9751847
1664524744.598195 0.2531233 -0.0024573 0.0819616 -0.0524334 0.2518994 -0.0278205 0.9659313
1664524744.797588 0.2942607 -0.0027727 0.0441015 -0.0501952 0.3368944 -0.0380096 0.9394349
1664524744.997664 0.3285050 -0.0027284 0.0175741 -0.0503980 0.4304953 -0.0483771 0.8998852
1664524745.197593 0.3223160 -0.0412354 -0.0207919 -0.0449550 0.5198159 -0.0817541 0.8491684
1664524745.397610 0.3221748 -0.0635770 -0.0562865 -0.0396302 0.6037905 -0.1009552 0.7897307
1664524748.795284 -15.7319250 2.5411224 7.5957580 -0.0454170 0.8522543 -0.0772839 0.5153904
1664524748.995195 -15.3569956 2.4787319 7.5179930 -0.0404220 0.8567355 -0.0755560 0.5085880
1664524749.195269 -15.0405083 2.4735131 7.4135761 -0.0555554 0.8591394 -0.0742231 0.5032734
1664524749.295235 -14.8875170 2.4685133 7.3353572 -0.0515217 0.8534063 -0.0610197 0.5150921
1664524749.395150 -14.6982889 2.4435015 7.2428522 -0.0461989 0.8500985 -0.0779219 0.5187740
1664524749.595207 -14.3464470 2.3116174 7.0752854 -0.0334144 0.8405879 -0.0972240 0.5318300
1664524749.795206 -14.0343657 2.2462325 6.9325371 -0.0380201 0.8349063 -0.0989401 0.5400897
1664524749.995139 -13.7110901 2.2416830 6.8252606 -0.0513802 0.8386611 -0.0921683 0.5343340
1664524750.195181 -13.4180975 2.2455173 6.7396550 -0.0572655 0.8471356 -0.0921950 0.5201748
1664524750.395148 -13.0272627 2.1647959 6.6774926 -0.0456364 0.8564978 -0.1000917 0.5042922
1664524750.795254 -12.3860703 2.0795259 6.5028653 -0.0261062 0.8713769 -0.0984638 0.4799223
1664524750.995260 -12.0703392 2.0981791 6.3303342 -0.0359645 0.8702473 -0.0860026 0.4837143
1664524751.195215 -11.7013083 2.0556800 6.1448870 -0.0246130 0.8520637 -0.1025164 0.5127107
1664524751.395270 -11.3454494 1.9758871 5.9682903 -0.0293017 0.8407016 -0.1141277 0.5285236
1664524751.595252 -11.0123434 1.9894117 5.8269019 -0.0507835 0.8334601 -0.0872508 0.5432796
1664524751.795483 -10.6560268 2.0272164 5.6994815 -0.0607438 0.8353761 -0.0816684 0.5401735
1664524751.995257 -10.2431860 1.9866688 5.6374922 -0.0461856 0.8365493 -0.0971540 0.5372276
1664524752.195306 -9.8388138 1.9031494 5.5787482 -0.0249822 0.8398061 -0.1087218 0.5313015
1664524752.395205 -9.5177097 1.8596398 5.5047431 -0.0187853 0.8451114 -0.0990443 0.5249991
1664524752.595163 -9.2144299 1.8738202 5.3627706 -0.0291439 0.8442459 -0.0920702 0.5271834
1664524752.795303 -8.8421850 1.8561931 5.1850128 -0.0241399 0.8337362 -0.0966325 0.5431054
1664524752.997739 -8.4703379 1.7765770 5.0165329 -0.0237084 0.8277026 -0.1105331 0.5496624
1664524753.197601 -8.1213655 1.7383649 4.8558016 -0.0419567 0.8222510 -0.0983385 0.5589923
1664524753.397608 -7.7765622 1.7334033 4.7274122 -0.0427207 0.8251658 -0.1037092 0.5536430
1664524753.597583 -7.3828778 1.7072861 4.6274939 -0.0312927 0.8275548 -0.1065623 0.5502895
1664524753.797695 -6.9854417 1.6628079 4.5554447 -0.0287133 0.8325663 -0.1064173 0.5428482
1664524753.997279 -6.6253181 1.6273916 4.4510016 -0.0276200 0.8410870 -0.0979931 0.5312318
1664524754.197480 -6.2860508 1.6129307 4.3349733 -0.0358710 0.8382802 -0.0934268 0.5359768
1664524754.397442 -5.9264851 1.6047270 4.1754832 -0.0382288 0.8298437 -0.1076258 0.5461820
1664524754.597541 -5.5432639 1.5023620 3.9356227 -0.0319915 0.8306153 -0.1174533 0.5433779
1664524754.797490 -5.2133355 1.4402424 3.7663379 -0.0366699 0.8254879 -0.1165695 0.5510325
1664524754.997489 -4.8993378 1.4283524 3.6278272 -0.0329462 0.8324960 -0.1050568 0.5429807
1664524755.297183 -4.3043180 1.3881569 3.4454565 -0.0304166 0.8497803 -0.1163318 0.5132400
1664524755.597458 -3.7088394 1.3168762 3.2641425 -0.0202715 0.8590525 -0.1145252 0.4984998
1664524755.897490 -3.2018962 1.3052068 3.0432768 -0.0275887 0.8560728 -0.0971260 0.5068973
1664524756.197531 -2.6555407 1.2026336 2.7431259 -0.0229604 0.8400147 -0.1288858 0.5265327
1664524756.497551 -2.1841226 1.1495672 2.5183368 -0.0425494 0.8249725 -0.1273552 0.5489906
1664524756.797534 -1.7057176 1.1226965 2.3003359 -0.0330019 0.8329384 -0.1262960 0.5377488
1664524757.097634 -1.1326637 1.0280398 2.1831274 -0.0210857 0.8303376 -0.1332214 0.5406910
1664524757.397580 -0.6413550 1.0083636 2.0329924 -0.0272934 0.8315491 -0.1102280 0.5437196
1664524757.797630 0.0976995 0.9457142 1.6225055 -0.0224306 0.8271771 -0.1106049 0.5504920
1664524758.097584 0.6254894 0.8405973 1.3373210 -0.0362060 0.8202372 -0.1232678 0.5574093
1664524758.397539 1.1895018 0.8630688 1.1110520 -0.0470311 0.8200771 -0.1095125 0.5597040
1664524758.697623 1.8909640 0.7769669 0.9342720 -0.0269227 0.8222401 -0.1064372 0.5584511
1664524758.997598 2.4995480 0.7105223 0.7532082 -0.0187554 0.8348466 -0.1010575 0.5408021
1664524759.297620 3.0944772 0.6738544 0.4190000 -0.0254674 0.8271477 -0.1152468 0.5494510
1664524759.695241 3.9122443 0.5099773 -0.0082935 -0.0461878 0.8108150 -0.1091523 0.5731767
1664524760.095358 4.6494560 0.5007980 -0.2965196 -0.0439772 0.8215724 -0.1038359 0.5588406
1664524760.395371 5.3076744 0.3558221 -0.4381818 -0.0280658 0.8302760 -0.1243765 0.5425722
1664524760.695310 5.8452768 0.3629924 -0.6269704 -0.0424339 0.8332673 -0.0990333 0.5422707
1664524760.995366 6.4277248 0.3170995 -0.9329598 -0.0270000 0.8289771 -0.1015328 0.5493261
1664524761.495402 7.3200240 0.2234104 -1.3854479 -0.0439445 0.8464150 -0.0947310 0.5221846
1664524761.795367 7.9351687 0.1838841 -1.5238914 -0.0295962 0.8582138 -0.0956929 0.5034243
1664524762.095019 8.4557505 0.1164076 -1.5852616 -0.0145896 0.8555644 -0.0980291 0.5081213
1664524762.495085 9.0823278 0.0963672 -1.8417826 -0.0243944 0.8416690 -0.1065915 0.5288067
1664524762.894865 9.7215309 -0.0485456 -2.1539288 -0.0272279 0.8282701 -0.1243870 0.5456693
1664524763.195292 10.1653852 -0.0332623 -2.3220353 -0.0299795 0.8313062 -0.1072284 0.5445488
1664524763.595122 10.8633575 -0.1182914 -2.4648778 -0.0091744 0.8343933 -0.1288963 0.5358070
1664524763.995332 11.4397192 -0.1267035 -2.6727753 -0.0273655 0.8294078 -0.0970242 0.5494726
1664524764.295114 11.8941097 -0.1879213 -2.9700518 -0.0268225 0.8159151 -0.1119961 0.5665864
1664524764.597620 12.2760811 -0.2532936 -3.2066536 -0.0469553 0.8023341 -0.1152789 0.5837517
1664524764.997490 12.7923183 -0.2429157 -3.4274259 -0.0528059 0.8020967 -0.0982335 0.5866879
1664524765.297504 13.2951117 -0.3280017 -3.5743542 -0.0360376 0.7968667 -0.1168255 0.5916557
1664524765.597466 13.7231989 -0.3577094 -3.7382360 -0.0236552 0.8109419 -0.0938868 0.5770606
1664524765.997538 14.2925367 -0.3861145 -4.0546565 -0.0343546 0.7876832 -0.0889168 0.6086613
1664524766.395523 14.8169842 -0.5334102 -4.2892151 -0.0708822 0.7345093 -0.0997856 0.6674688
1664524766.795481 15.1814814 -0.5889522 -4.3254900 -0.0894759 0.6924325 -0.0816859 0.7112374
1664524767.595120 15.3995190 -0.5916767 -4.3145494 -0.0978392 0.6016583 -0.0683906 0.7897833
1664524767.995016 15.4881229 -0.5815983 -4.4537973 -0.0671428 0.6504098 -0.0806647 0.7522978
1664524768.295444 15.6023569 -0.6440922 -4.7332540 -0.0430257 0.7442323 -0.0954588 0.6596626
1664524768.495274 15.6401329 -0.6918205 -4.9607100 -0.0319810 0.7970735 -0.1107313 0.5927811
1664524768.795322 15.5682478 -0.7690525 -5.3747869 -0.0207284 0.8687498 -0.1379537 0.4751979
1664524769.095361 15.3761292 -0.8153657 -5.7176590 -0.0187351 0.9532689 -0.1419160 0.2660590
1664524769.395319 15.1069241 -0.9398032 -6.0452032 0.0004265 0.9921820 -0.1058787 0.0660644
1664524769.695443 14.9629421 -1.0092145 -6.2838769 -0.0195556 -0.9894137 0.1109096 0.0915258
1664524769.895416 14.9692307 -1.0612397 -6.4084740 -0.0324885 -0.9813018 0.1133550 0.1521249
1664524770.295420 14.9812565 -1.0978782 -6.6367311 -0.0262139 -0.9789625 0.1049636 0.1729965
1664524771.095522 14.7599373 -1.1311557 -7.0469098 -0.0374484 -0.9777580 0.0931204 0.1841621
1664524771.495494 14.6490612 -1.1689166 -7.3050823 -0.0235284 -0.9767880 0.0841180 0.1955908
1664524771.795515 14.6189728 -1.2286568 -7.5775752 -0.0132411 -0.9748411 0.0981598 0.1996856
1664524772.095554 14.5961571 -1.3031781 -7.8382421 -0.0293588 -0.9705390 0.1005804 0.2169695
1664524772.295512 14.5765266 -1.3144127 -7.9768844 -0.0275827 -0.9753906 0.0869696 0.2007202
1664524772.595519 14.4798908 -1.3353465 -8.2271585 -0.0290082 -0.9764119 0.0876618 0.1951762
1664524772.795530 14.4102154 -1.3791190 -8.3960247 -0.0301556 -0.9754832 0.1004856 0.1934576
1664524772.995561 14.3555145 -1.4140717 -8.5611572 -0.0085144 -0.9803074 0.0933436 0.1738159
1664524773.295548 14.2988567 -1.4280131 -8.8028593 0.0006502 -0.9814215 0.0849787 0.1720177
1664524773.595621 14.2342968 -1.4991988 -9.1039228 -0.0026936 -0.9723368 0.1085404 0.2068162
1664524773.795639 14.1917419 -1.5494146 -9.2870255 -0.0109914 -0.9684978 0.1158123 0.2201794
1664524773.995601 14.1459274 -1.5579921 -9.4387054 -0.0161443 -0.9714582 0.0999528 0.2145179
1664524774.195654 14.0656872 -1.5613202 -9.6202221 -0.0220965 -0.9749976 0.0867275 0.2033958
1664524774.395605 13.9538708 -1.5956937 -9.8045740 -0.0367665 -0.9745629 0.0993522 0.1974949
1664524774.595599 13.8527565 -1.6399622 -9.9735260 -0.0153631 -0.9758019 0.1048260 0.1912744
1664524774.895734 13.7348537 -1.6577226 -10.2207870 -0.0226566 -0.9786576 0.0672506 0.1928554
1664524775.195792 13.6544628 -1.6823280 -10.5310135 -0.0259774 -0.9733893 0.0687753 0.2170445
1664524775.495686 13.5788612 -1.7922974 -10.8528986 -0.0334657 -0.9701071 0.1010027 0.2181076
1664524775.795743 13.4994278 -1.8132169 -11.1098757 -0.0315159 -0.9750327 0.0853355 0.2025734
1664524776.095810 13.3521309 -1.8541975 -11.3869896 -0.0217125 -0.9772446 0.0969270 0.1874215
1664524776.295737 13.2579041 -1.9068108 -11.5636654 -0.0099201 -0.9809918 0.0955743 0.1685891
1664524776.597925 13.1703682 -1.9363648 -11.7913561 -0.0103617 -0.9821452 0.0828891 0.1685607
1664524776.797850 13.1284237 -1.9566785 -11.9759951 -0.0047580 -0.9768770 0.1037922 0.1868576
1664524776.997880 13.0829353 -2.0162230 -12.1702633 -0.0102324 -0.9715596 0.1233091 0.2018960
1664524777.197849 13.0284348 -2.0613308 -12.3393192 -0.0306720 -0.9724149 0.1057899 0.2056142
1664524777.697797 12.8173828 -2.0966029 -12.7577600 -0.0157634 -0.9718522 0.1030317 0.2112802
1664524777.897939 12.6954956 -2.1676154 -12.8976612 -0.0020248 -0.9676471 0.1213240 0.2212138
1664524778.097743 12.6378345 -2.1702278 -13.0409069 -0.0003275 -0.9721924 0.0997133 0.2118937
1664524778.297863 12.5542145 -2.1740811 -13.1747971 0.0136738 -0.9664959 0.0978303 0.2369135
1664524778.597834 12.4858341 -2.2319589 -13.4202766 -0.0032680 -0.9555485 0.1080425 0.2743052
1664524778.898015 12.4276695 -2.2950485 -13.6685305 -0.0180450 -0.9493044 0.1095558 0.2940968
1664524779.397915 12.2942772 -2.3250661 -13.9645996 -0.0101610 -0.9474318 0.1005085 0.3035917
1664524779.597787 12.2100677 -2.3618991 -14.0984383 -0.0010124 -0.9513745 0.1201718 0.2836273
1664524779.797794 12.1460285 -2.3946543 -14.1970644 0.0035430 -0.9548135 0.1354836 0.2645051
1664524779.997717 12.0932236 -2.4111898 -14.2693424 0.0019210 -0.9575130 0.1348538 0.2549111
1664524780.197806 12.0435009 -2.3864892 -14.3272133 0.0019137 -0.9566220 0.1169629 0.2668149
1664524780.597733 11.8670120 -2.3473988 -14.3341541 -0.0126645 -0.8968863 0.1150941 0.4268346
1664524780.797593 11.7505436 -2.3693001 -14.3209324 -0.0341040 -0.8176656 0.1129925 0.5634649
1664524781.097665 11.5640898 -2.3968124 -14.3458786 -0.0426985 -0.6793038 0.1046445 0.7251019
1664524781.397615 11.5227604 -2.3887992 -14.3275185 -0.0423109 -0.5811381 0.0830711 0.8084477
1664524781.997596 11.3955450 -2.3601487 -14.3690462 -0.0699807 -0.5783668 0.0516959 0.8111240
1664524782.497530 11.1013956 -2.3343134 -14.3076324 -0.0658571 -0.5996527 0.0539023 0.7957224
1664524782.897584 10.8105526 -2.3369420 -14.2310982 -0.0643678 -0.6131361 0.0388475 0.7863916
1664524783.295321 10.5157795 -2.3195958 -14.2138958 -0.0732059 -0.5899073 0.0405917 0.8031206
1664524783.495290 10.3659000 -2.3418624 -14.2001371 -0.0542064 -0.5722582 0.0495543 0.8167782
1664524783.795243 10.1632624 -2.3417058 -14.2051449 -0.0750864 -0.5623883 0.0614053 0.8211644
1664524784.095304 9.9616146 -2.2889938 -14.1164131 -0.0791143 -0.5685586 0.0564291 0.8168830
1664524784.395177 9.7154036 -2.2763400 -13.9859095 -0.0582856 -0.5703377 0.0591229 0.8172038
1664524784.695168 9.5099821 -2.2531707 -13.8854818 -0.0712199 -0.5720335 0.0455693 0.8158609
1664524784.995116 9.2727776 -2.2193277 -13.8250341 -0.0656069 -0.5695787 0.0439201 0.8181362
1664524785.295146 8.9863176 -2.2348661 -13.7785244 -0.0580287 -0.5702966 0.0610362 0.8171102
1664524785.695206 8.6567430 -2.1978474 -13.6979389 -0.0773255 -0.5706092 0.0499882 0.8160436
1664524785.995252 8.3906307 -2.1706700 -13.5826950 -0.0609731 -0.5691885 0.0605327 0.8177058
1664524786.495178 8.0174332 -2.1208334 -13.4146938 -0.0640003 -0.5825733 0.0401841 0.8092575
1664524787.095393 7.4770536 -2.1118941 -13.2738247 -0.0432853 -0.5458786 0.0619993 0.8344454
1664524787.695372 6.9693842 -2.0305350 -13.0781031 -0.0570428 -0.5527495 0.0514942 0.8297966
1664524788.297816 6.4744320 -2.0026073 -12.8955364 -0.0641308 -0.5827762 0.0515729 0.8084550
1664524788.697754 6.1290598 -2.0030847 -12.8279829 -0.0394967 -0.5656198 0.0612699 0.8214378
1664524789.297766 5.6918240 -1.9512237 -12.6904297 -0.0693235 -0.5804921 0.0532773 0.8095584
1664524789.797891 5.3622389 -1.9286146 -12.5494776 -0.0742456 -0.5841144 0.0406725 0.8072446
1664524790.397719 4.8742380 -1.9114585 -12.4657249 -0.0620420 -0.5841424 0.0505212 0.8076980
1664524790.997789 4.4274750 -1.8521514 -12.2735710 -0.0890203 -0.5817974 0.0524592 0.8067437
1664524791.597727 4.0086632 -1.8086765 -12.1009665 -0.0799758 -0.5893450 0.0210568 0.8036373
1664524792.197809 3.5189800 -1.8088523 -12.0035295 -0.0821763 -0.5634593 0.0402335 0.8210614
1664524792.897901 2.9839153 -1.7619014 -11.7826309 -0.0498079 -0.5562152 0.0375460 0.8286943
1664524793.397906 2.6204090 -1.7001058 -11.7067938 -0.0796412 -0.5447795 0.0044798 0.8347770
1664524794.298032 1.9914026 -1.6733128 -11.5427189 -0.0757691 -0.5371220 0.0273996 0.8396478
1664524794.897966 1.5811195 -1.6405896 -11.3395367 -0.0768230 -0.5277543 0.0278761 0.8454565
1664524795.695157 0.9866152 -1.6195271 -11.2431612 -0.0867074 -0.5605253 0.0426513 0.8224805
1664524796.495217 0.4387712 -1.5764718 -11.0086098 -0.0603090 -0.5874885 0.0336927 0.8062785
1664524797.295317 -0.1438217 -1.5536470 -10.8784971 -0.0856104 -0.5494653 0.0537922 0.8293764
1664524798.195715 -0.7552404 -1.4546933 -10.5644426 -0.0754064 -0.5686699 0.0285024 0.8186061
1664524798.696645 -1.1621361 -1.4215955 -10.4705639 -0.0604230 -0.5656716 0.0434873 0.8212634
1664524799.495899 -1.8052502 -1.3890011 -10.2506905 -0.0639760 -0.5735735 0.0543174 0.8148437
1664524800.398133 -2.4716258 -1.3486191 -10.0215855 -0.0493111 -0.5623029 0.0571839 0.8234767
1664524801.395197 -3.2628579 -1.2653645 -9.6801729 -0.0587733 -0.5992710 0.0414092 0.7973114
1664524802.295385 -3.9741902 -1.2367586 -9.5445414 -0.0627243 -0.5858614 0.0627777 0.8055378
1664524803.295352 -4.7283664 -1.1641932 -9.2784786 -0.0500271 -0.5986626 0.0479885 0.7979960
1664524804.295400 -5.4541950 -1.1256237 -9.0204315 -0.0516130 -0.5800732 0.0655706 0.8102788
1664524805.095407 -6.0538111 -1.0945451 -8.8299437 -0.0381267 -0.5774890 0.0522154 0.8138344
1664524805.997627 -6.7081995 -1.0546842 -8.5721626 -0.0411634 -0.5928602 0.0674592 0.8014185
1664524806.895114 -7.3985777 -1.0052994 -8.3485451 -0.0438546 -0.5724415 0.0680488 0.8159393
1664524807.795216 -8.1292591 -0.9431742 -8.0813618 -0.0484860 -0.5964869 0.0502899 0.7995771
1664524808.595181 -8.8172922 -0.9157806 -7.9038339 -0.0569792 -0.5836253 0.0661786 0.8073137
1664524809.395146 -9.4775686 -0.8507578 -7.6281662 -0.0516856 -0.6019934 0.0454454 0.7955295
1664524810.195154 -10.1600742 -0.8273329 -7.4970808 -0.0651527 -0.5826406 0.0551040 0.8082380
1664524810.895174 -10.7343712 -0.7889431 -7.3036399 -0.0330932 -0.5942928 0.0434148 0.8023940
1664524811.495217 -11.2181177 -0.7430239 -7.1771636 -0.0570525 -0.5883259 0.0426261 0.8054816
1664524812.097689 -11.6503048 -0.7049619 -7.0009556 -0.0664969 -0.5663475 0.0536638 0.8197248
1664524812.697637 -12.0578623 -0.6661693 -6.7691817 -0.0678803 -0.5876766 0.0394288 0.8052787
1664524813.297596 -12.5739222 -0.6607577 -6.6055303 -0.0610976 -0.5677945 0.0678885 0.8180879
1664524813.797678 -12.9346771 -0.5871068 -6.4300833 -0.0712319 -0.5714519 0.0545607 0.8157156
1664524814.097734 -13.1544056 -0.5877751 -6.2971506 -0.0557394 -0.5942648 0.0484050 0.8008742
1664524814.597625 -13.4915447 -0.5492884 -6.1981564 -0.0635216 -0.5948401 0.0390755 0.8003770
1664524814.997586 -13.8093777 -0.5594897 -6.1264353 -0.0490490 -0.5865788 0.0623339 0.8059988
1664524815.597675 -14.2627888 -0.4967933 -5.9768357 -0.0578549 -0.6016023 0.0562442 0.7947102
1664524815.997623 -14.5364552 -0.4962941 -5.8795748 -0.0397238 -0.6262856 0.0419940 0.7774477
1664524816.497644 -14.9327660 -0.4760737 -5.7956948 -0.0420705 -0.6078544 0.0490621 0.7914140
1664524816.897669 -15.2243061 -0.4536534 -5.7282143 -0.0610937 -0.5975958 0.0557193 0.7975226
1664524817.397636 -15.5837107 -0.4260902 -5.5559130 -0.0199714 -0.5924175 0.0608971 0.8030780
1664524817.597435 -15.7096691 -0.4132944 -5.5107880 -0.0373406 -0.6028945 0.0454910 0.7956473
1664524817.997348 -15.9882212 -0.3793477 -5.4400115 -0.0408982 -0.5761538 0.0468954 0.8149694
1664524818.297533 -16.1956940 -0.3863492 -5.3919230 -0.0249807 -0.5533794 0.0682370 0.8297535
1664524818.695333 -16.3980961 -0.3570204 -5.3017855 -0.0524611 -0.5541317 0.0492219 0.8293149
1664524818.895335 -16.5027809 -0.3533264 -5.2377415 -0.0250562 -0.5604078 0.0745269 0.8244763
1664524819.195263 -16.6245880 -0.3534278 -5.1713686 -0.0070582 -0.5712994 0.0649420 0.8181380
1664524819.594885 -16.7233047 -0.3485699 -5.1300874 -0.0238566 -0.5340227 0.0624462 0.8428234
1664524820.095202 -16.7561760 -0.3333945 -5.0839691 -0.0283323 -0.4321597 0.0601837 0.8993405
1664524820.295188 -16.7459316 -0.3294486 -5.0566788 -0.0275875 -0.3828375 0.0573731 0.9216197
1664524820.495183 -16.7130489 -0.3213409 -5.0207610 -0.0292896 -0.3326135 0.0490279 0.9413324
1664524821.295211 -16.5396519 -0.3079175 -4.8890338 -0.0211702 -0.1549349 0.0167805 0.9875552
1664524822.295338 -16.4252911 -0.2965728 -4.8428822 -0.0401401 0.0424709 -0.0014856 0.9982900
1664524822.794137 -16.3688011 -0.2997452 -4.8488588 -0.0444118 0.1980124 -0.0162331 0.9790584
1664524823.495280 -16.2837162 -0.2945971 -4.8777194 -0.0464443 0.3772988 -0.0442813 0.9238656
1664524824.297860 -16.2024498 -0.2878786 -4.8788371 -0.0389166 0.6173992 -0.0783187 0.7817736
1664524825.797447 -16.3331127 -0.2986657 -5.0177546 -0.0306199 0.8385065 -0.1019728 0.5343883
1664524826.997597 -16.2438488 -0.2908323 -4.7787871 -0.0433894 0.5817066 -0.0735024 0.8089081
1664524827.997618 -16.3483143 -0.2832786 -4.8566499 -0.0621185 0.1883624 -0.0162258 0.9799987
1664524828.797616 -16.4916115 -0.2509176 -4.7467604 -0.0728536 0.1288595 -0.0027650 0.9889793
1664524829.197666 -16.4943027 -0.2201264 -4.6365294 -0.0795942 0.1123684 -0.0063005 0.9904537
1664524829.797650 -16.3915424 -0.1741716 -4.3354807 -0.0629783 0.1087983 -0.0153132 0.9919487
1664524830.395171 -16.3196545 -0.0947310 -4.0488019 -0.0860866 0.1248708 -0.0174051 0.9882781
1664524830.895300 -16.2864513 -0.0632462 -3.7054362 -0.0628604 0.1400307 -0.0042438 0.9881407
1664524831.495308 -16.1419907 0.0230066 -3.3269310 -0.0659545 0.1332758 -0.0093702 0.9888377
1664524832.095299 -16.0118637 0.0962673 -2.9307692 -0.0972036 0.1337618 -0.0140239 0.9861352
1664524832.495224 -15.9789095 0.1236281 -2.5993438 -0.0500047 0.1437667 -0.0193869 0.9881573
1664524832.995324 -15.8771181 0.2122232 -2.2593584 -0.0850659 0.1524021 -0.0050264 0.9846380
1664524833.395311 -15.7543831 0.2494081 -1.9685020 -0.0651732 0.1392793 -0.0212919 0.9878768
1664524833.895479 -15.6515827 0.3278645 -1.6358016 -0.0946966 0.1405897 -0.0145604 0.9854214
1664524834.295430 -15.5838432 0.3375355 -1.3087664 -0.0541026 0.1533839 -0.0163204 0.9865494
1664524834.695551 -15.5107555 0.4275507 -1.0431280 -0.0880499 0.1503704 -0.0129650 0.9846155
1664524834.995396 -15.4246264 0.4666353 -0.8067980 -0.0632992 0.1437346 -0.0177347 0.9874306
1664524835.297652 -15.3595695 0.5069504 -0.6072037 -0.0902125 0.1301501 -0.0222572 0.9871309
1664524835.597650 -15.3201265 0.5585676 -0.3911097 -0.0994299 0.1393356 -0.0110757 0.9851785
1664524835.897553 -15.2974815 0.5728030 -0.1398230 -0.0860743 0.1422248 -0.0221445 0.9858362
1664524836.297734 -15.2475100 0.6078149 0.1216197 -0.0808207 0.1522671 -0.0144141 0.9849238
1664524836.602677 -15.1811428 0.6618024 0.3165693 -0.0841295 0.1469684 -0.0067104 0.9855342
1664524836.895424 -15.1021566 0.6924478 0.5341394 -0.0772923 0.1500970 -0.0154564 0.9855242
1664524837.195980 -15.0450468 0.7416282 0.7358532 -0.0958024 0.1438464 -0.0213784 0.9847199
1664524837.495737 -15.0000010 0.7839890 0.9823933 -0.0953767 0.1673219 -0.0153607 0.9811579
1664524837.795404 -14.9447212 0.7897054 1.2112951 -0.0691932 0.2013439 -0.0039433 0.9770657
1664524838.095619 -14.8813705 0.8327786 1.3935871 -0.0928865 0.2060494 -0.0054544 0.9741079
1664524838.395492 -14.7807941 0.8742077 1.5908842 -0.0863343 0.1910523 -0.0144534 0.9776690
1664524838.595530 -14.7235794 0.9009362 1.7089949 -0.0698210 0.1698764 -0.0263173 0.9826364
1664524838.795492 -14.6812019 0.9349966 1.8143535 -0.1028758 0.1726908 -0.0213031 0.9793572
1664524838.995673 -14.6334562 0.9615363 1.9342992 -0.1047479 0.1811303 -0.0102145 0.9778116
1664524839.195682 -14.6007814 0.9835143 2.0690181 -0.0872645 0.1913190 -0.0083403 0.9776053
1664524839.395733 -14.5699539 0.9889292 2.1955872 -0.0663435 0.2069131 -0.0156204 0.9759824
1664524839.595707 -14.6104965 0.8908254 2.3360147 -0.1014351 0.2367044 -0.0121209 0.9661962
1664524842.895223 -13.8457499 1.0499701 3.9899440 -0.0271904 0.8982413 -0.0928413 0.4287231
1664524844.495214 -13.6785803 1.0859431 4.1273837 -0.0405563 0.7899974 -0.0669554 0.6080924
1664524845.295156 -13.2237625 1.0514960 3.9304249 -0.0507763 0.7806975 -0.0864660 0.6168117
1664524846.195188 -12.5907536 1.0612779 3.8800740 -0.0340473 0.7978805 -0.0587401 0.5989801
1664524846.995141 -11.9459238 1.0247924 3.6874027 -0.0521328 0.7871283 -0.0745985 0.6100380
1664524847.797659 -11.2696371 0.9910974 3.5298896 -0.0280805 0.8132890 -0.0669057 0.5773180
1664524848.597578 -10.6326857 0.9433341 3.2627516 -0.0561786 0.8016376 -0.0800216 0.5897607
1664524849.397769 -9.9830160 0.8970748 3.0813670 -0.0295831 0.8190102 -0.0899785 0.5659072
1664524850.398278 -9.1857309 0.8451053 2.7725933 -0.0585405 0.7971199 -0.0885457 0.5944179
1664524851.197617 -8.4640856 0.8182479 2.5752549 -0.0294954 0.8291523 -0.0750723 0.5531733
1664524852.097803 -7.6317139 0.7730541 2.2318034 -0.0503062 0.8086408 -0.0867179 0.5796975
1664524852.897725 -6.9128261 0.7410053 2.0184307 -0.0422298 0.8188697 -0.0673878 0.5684435
1664524853.697889 -6.1413755 0.6856976 1.7035022 -0.0449265 0.8087018 -0.0816728 0.5807863
1664524854.495740 -5.3086472 0.6148032 1.4193380 -0.0259169 0.8258420 -0.0798533 0.5576171
1664524855.295683 -4.4547100 0.5809724 1.1302662 -0.0393280 0.8220069 -0.0739228 0.5632881
1664524856.095876 -3.6747906 0.5047256 0.8588573 -0.0318497 0.8180824 -0.0726764 0.5696008
1664524856.995862 -2.8686900 0.4543841 0.5913798 -0.0261082 0.8075891 -0.0825474 0.5833560
1664524857.795771 -2.2809377 0.4467461 0.3968664 -0.0320358 0.8108565 -0.0549973 0.5817739
1664524858.595484 -1.8009162 0.4334984 0.3593416 -0.0212875 0.8489867 -0.0666064 0.5237673
1664524859.397765 -1.4953697 0.4257078 0.2229464 -0.0466061 0.7848265 -0.0709826 0.6138703
1664524860.297624 -1.0681493 0.4156995 0.1305028 -0.0268673 0.7650976 -0.0690911 0.6396329
1664524861.097852 -0.7328225 0.4119885 0.1202939 -0.0492087 0.5458194 -0.0703692 0.8334914
1664524861.497774 -0.7357910 0.4150472 0.1914638 -0.0429451 0.4293658 -0.0468031 0.9008942
1664524862.097957 -0.7600410 0.4081632 0.2078561 -0.0631137 0.2882800 -0.0349646 0.9548239
1664524863.297749 -0.6544119 0.3191962 0.1885570 -0.0633752 0.2347081 -0.0348808 0.9693705
1664524863.598151 -0.5073674 0.2600309 0.1290828 -0.0446993 0.1625640 -0.0507129 0.9843796
1664524864.097780 -0.3766308 0.1357256 0.0547855 -0.0011489 0.1443461 -0.0360180 0.9888709
1664524865.795262 -0.0668963 -0.0231922 -0.0557705 0.0417556 0.0190786 -0.0155192 0.9988251
1664524866.395191 0.0517211 -0.0560235 -0.0752348 0.0249537 0.1182188 -0.0303069 0.9922113
1664524866.895693 0.1134527 -0.1434938 -0.1019620 0.0625946 0.1327886 -0.0232113 0.9888934
1664524867.295371 0.2464873 -0.1779538 -0.1673016 0.0685626 0.2391803 -0.0389163 0.9677694
1664524867.595230 0.2789166 -0.1523779 -0.1873052 0.0448830 0.2587938 -0.0444470 0.9638650
1664524868.095187 0.2434803 0.0932801 -0.2002486 0.0554630 0.2004929 -0.0214652 0.9778883
1664524868.495199 0.1378161 0.2786295 -0.1974709 0.0072683 0.1372233 -0.0154267 0.9903934
1664524869.295337 0.0589500 0.2668369 -0.1602120 -0.0195377 0.1038348 -0.0066887 0.9943801
1664524869.895497 -0.0092935 0.0665260 -0.0572365 -0.0225168 0.0489475 -0.0016931 0.9985462
