1520511529.120914 0.0000000 0.0000000 0.0000000 -0.0000000 -0.0000000 -0.0000000 1.0000000
1520511529.171212 -0.0011583 0.0061925 0.0344750 -0.0054754 -0.0058322 -0.0017492 0.9999666
1520511529.271215 -0.0014655 0.0151114 0.1073797 0.0191439 -0.0101149 -0.0130570 0.9996803
1520511529.321216 -0.0015793 0.0164046 0.1437889 0.0272628 -0.0071241 -0.0177167 0.9994460
1520511529.371218 -0.0009731 0.0175968 0.1781744 0.0217088 -0.0034866 -0.0164924 0.9996223
1520511529.471221 0.0041144 0.0183430 0.2456074 0.0097634 0.0150497 -0.0204710 0.9996296
1520511529.571826 0.0154701 0.0179152 0.3108237 0.0091369 0.0365151 -0.0139316 0.9991943
1520511529.721832 0.0360520 0.0365299 0.4092898 0.0088468 0.0563432 -0.0211987 0.9981472
1520511529.871836 0.0563916 0.0459267 0.5187967 0.0201594 0.0611582 -0.0203024 0.9977180
1520511530.022333 0.0659368 0.0281235 0.6236679 0.0273627 0.0395787 -0.0052791 0.9988278
1520511530.122336 0.0659326 0.0229415 0.6907336 0.0253696 0.0227238 -0.0032446 0.9994146
1520511530.222339 0.0668501 0.0323898 0.7578843 0.0163947 0.0113234 -0.0087600 0.9997631
1520511530.322343 0.0701422 0.0414055 0.8277321 0.0236221 0.0091202 -0.0166138 0.9995413
1520511530.522677 0.0872669 0.0345939 0.9640025 0.0273046 0.0388173 -0.0279314 0.9984826
1520511530.622680 0.1001428 0.0269810 1.0307145 0.0364119 0.0545767 -0.0266865 0.9974886
1520511531.022813 0.1436653 0.0530964 1.3087341 0.0368643 0.0490505 -0.0264506 0.9977653
1520511531.222506 0.1528342 0.0479120 1.4389125 0.0291776 0.0170591 -0.0278188 0.9990415
1520511531.472514 0.1646099 0.0713203 1.6097505 0.0335857 0.0198845 -0.0295752 0.9988003
1520511531.671856 0.1788707 0.0558803 1.7442168 0.0457945 0.0579378 -0.0233579 0.9969958
1520511531.921864 0.1986730 0.0891363 1.9081844 0.0372931 0.0480654 -0.0372836 0.9974512
1520511532.120807 0.1977149 0.1032337 2.0442581 0.0256918 0.0061482 -0.0327937 0.9991130
1520511532.320813 0.1719932 0.1089129 2.1739719 0.0144307 -0.0584945 -0.0374354 0.9974812
1520511532.520257 0.1563956 0.1358883 2.3053467 0.0041508 -0.0812167 -0.0439327 0.9957192
1520511532.720264 0.1559709 0.1216270 2.4361238 0.0013575 -0.0315372 -0.0428986 0.9985807
1520511532.870561 0.1626749 0.1222313 2.5362198 0.0039774 -0.0060318 -0.0371854 0.9992822
1520511533.070568 0.1590672 0.1419895 2.6774175 0.0254036 -0.0065874 -0.0238568 0.9993709
1520511533.120570 0.1573601 0.1415347 2.7127414 0.0218692 -0.0172321 -0.0241417 0.9993208
1520511533.571664 0.1086452 0.1556417 3.0094867 0.0195167 -0.0915921 -0.0479372 0.9944507
1520511533.823951 0.1081537 0.1419780 3.1783371 0.0025098 -0.0314143 -0.0405787 0.9986793
1520511534.076226 0.1214253 0.1677921 3.3498216 0.0142727 0.0004067 -0.0429407 0.9989756
1520511534.326233 0.1020108 0.1592369 3.5083611 0.0096295 -0.0405870 -0.0110574 0.9990685
1520511534.476239 0.0786389 0.1666802 3.5990813 0.0041588 -0.0817038 -0.0270799 0.9962801
1520511534.677550 0.0545470 0.1804886 3.7334356 0.0202828 -0.0823255 -0.0206061 0.9961860
1520511534.927558 0.0512954 0.1767275 3.8937795 0.0061230 -0.0191787 -0.0055526 0.9997820
1520511535.127563 0.0560486 0.2110867 4.0228291 -0.0052091 0.0159774 -0.0157342 0.9997351
1520511535.327570 0.0406302 0.2034949 4.1561151 0.0025253 -0.0199416 0.0065723 0.9997764
1520511535.577578 -0.0004258 0.2024688 4.3115306 0.0157752 -0.0920149 0.0058018 0.9956158
1520511535.977590 -0.0125745 0.2038386 4.5500946 0.0117651 -0.0383755 0.0056663 0.9991781
1520511536.176828 0.0006840 0.2271778 4.6762142 0.0109771 -0.0091341 -0.0026669 0.9998946
1520511536.376834 0.0033488 0.2301989 4.8042793 0.0007193 -0.0100081 0.0059210 0.9999322
1520511536.575397 -0.0162203 0.2229884 4.9158416 -0.0061896 -0.0633329 -0.0011187 0.9979727
1520511536.825405 -0.0326563 0.2457260 5.0766420 -0.0000538 -0.0689099 -0.0023436 0.9976202
1520511537.124249 0.0105607 0.2367561 5.2578373 -0.0108232 0.0391838 -0.0150362 0.9990603
1520511537.422556 0.0610620 0.2556987 5.4403830 -0.0071222 0.0743716 -0.0173662 0.9970540
1520511537.672564 0.0811750 0.2597581 5.5828924 -0.0085675 0.0482164 -0.0336153 0.9982344
1520511537.971406 0.1308062 0.2934206 5.7554340 0.0007054 0.1316907 0.0014460 0.9912896
1520511538.121412 0.1892273 0.2898822 5.8295407 0.0159484 0.2191584 0.0006342 0.9755588
1520511538.719989 0.4408116 0.3570253 6.0065365 -0.0223195 0.4482048 -0.0017732 0.8936504
1520511539.019900 0.5815721 0.3644830 6.0497174 -0.0231815 0.5730688 0.0053802 0.8191616
1520511539.669362 0.9823399 0.1574033 6.0118246 0.0838594 0.7250439 -0.0969846 0.6766631
1520511539.968918 1.1016927 0.0393844 5.9730282 0.1012621 0.7480582 -0.1232622 0.6441749
1520511540.368913 1.2676210 0.0601366 5.8958273 0.0725518 0.7905238 -0.1081795 0.5984192
1520511540.468916 1.3008561 0.1107361 5.8693128 0.0356393 0.8011581 -0.0788090 0.5921696
1520511540.619797 1.3402619 0.1988007 5.8305874 -0.0270002 0.8118672 -0.0013064 0.5832162
1520511541.069716 1.4170513 0.3587826 5.7148438 -0.0802168 0.8149014 0.1004246 0.5651689
1520511541.169719 1.4371376 0.3676378 5.6911950 -0.0938908 0.8131400 0.1196256 0.5618520
1520511541.419726 1.5588088 0.3368254 5.6165481 -0.0704442 0.8151854 0.0774728 0.5696563
1520511541.519652 1.6194873 0.2921063 5.5806961 -0.0515730 0.8189678 0.0362353 0.5703675
1520511544.419323 2.2210426 -0.0914424 4.6568594 0.1122423 0.7876077 -0.1938162 0.5740306
1520511544.669331 2.1863985 -0.1689805 4.6040778 0.1310891 0.7739493 -0.2053044 0.5845240
1520511544.918722 2.1645446 -0.1295374 4.5619645 0.1217957 0.7689584 -0.1791699 0.6014706
1520511545.168644 2.1172724 0.0227523 4.5382271 0.0389080 0.7829803 -0.1036991 0.6121067
1520511546.219881 1.7581434 0.1639401 4.5534849 -0.0198796 0.7210824 -0.0447240 0.6911184
1520511546.819254 1.5976844 -0.1507249 4.6207762 0.1324168 0.7187062 -0.1756765 0.6595945
1520511547.119264 1.5395117 -0.1197862 4.6588879 0.1431021 0.7073298 -0.1557998 0.6744870
1520511547.520368 1.4709673 0.1346496 4.7352018 -0.0050339 0.6805900 -0.0176898 0.7324336
1520511547.919978 1.3620934 0.3098658 4.8378301 -0.1080050 0.6325816 0.0618410 0.7644287
1520511548.519831 1.5848436 0.0984641 4.9955616 0.0749165 0.6110755 -0.0812417 0.7838201
1520511548.869536 1.6723466 -0.0926047 5.0677471 0.1331226 0.5969871 -0.1600891 0.7747621
1520511551.219242 2.2125111 -0.0792201 5.6215487 0.1712299 0.5488485 -0.1587673 0.8026448
1520511551.518965 2.1960273 0.1038915 5.6946292 0.0716794 0.5890524 -0.0942280 0.7993751
1520511552.120069 1.9395003 0.3546991 5.7169871 -0.1286173 0.6015053 0.0585611 0.7862695
1520511552.870012 1.7942820 -0.0035941 5.7652335 0.1180730 0.6152562 -0.1425090 0.7662960
1520511553.719538 1.4844737 0.3670023 5.7139497 -0.1307569 0.6629323 0.1031571 0.7299191
1520511557.419037 2.1948180 -0.0256674 4.8617063 0.0778029 0.7187861 -0.1292571 0.6786647
1520511558.119567 2.2076340 0.2840901 4.7138867 -0.1247665 0.7227009 0.0863315 0.6743023
1520511559.919284 1.7784472 0.2384465 4.5349345 -0.0676029 0.6887173 0.0086961 0.7218190
1520511560.319824 1.5758634 0.2957090 4.5512862 -0.1330554 0.6739164 0.0590257 0.7243266
1520511562.020456 1.4122152 0.2835721 4.8526115 -0.0617170 0.6837068 0.0441697 0.7257996
1520511563.119826 1.6834621 -0.0540584 5.1981254 0.1368259 0.6716446 -0.1270178 0.7169649
1520511564.069530 1.8633003 0.3158500 5.4297519 -0.1037634 0.6713476 0.0529380 0.7319311
1520511564.970060 2.1501245 -0.0129137 5.7002459 0.1589994 0.6239730 -0.1536074 0.7495210
1520511565.369430 2.1613879 -0.0610856 5.7751241 0.1933268 0.6385896 -0.1986950 0.7178777
1520511565.619308 2.1649995 0.0714020 5.8177114 0.1105775 0.6536637 -0.1302629 0.7372435
1520511566.219715 1.9566278 0.3445479 5.8185978 -0.1324180 0.5585131 0.0443868 0.8176541
1520511566.819884 1.8990684 0.0936182 5.8363161 0.0844053 0.5933873 -0.1028897 0.7938395
1520511567.219515 1.8063717 0.0466128 5.7847157 0.1347725 0.5904891 -0.1162473 0.7871757
1520511567.619642 1.6633801 0.2699240 5.7110600 -0.0390120 0.6095617 -0.0061718 0.7917541
1520511569.470493 1.6261063 0.2203344 5.1998787 -0.0426487 0.7217648 0.0433884 0.6894593
1520511570.320348 1.7357507 0.1389704 4.9506807 0.3062450 0.6288024 0.4032123 0.5901199
1520511571.669978 1.9841797 0.1017528 4.6508965 0.2241975 0.7000988 0.1925410 0.6500193
1520511572.520044 1.9368727 0.1492300 4.6188002 -0.3290890 0.5523229 -0.4120420 0.6456479
1520511574.819908 1.7651517 0.1822547 5.1953907 0.2465944 0.6838239 0.2966531 0.6193327
1520511575.619970 1.7826195 0.2023350 5.3879857 -0.1838043 0.7146556 -0.2746208 0.6164955
1520511576.320056 1.8036183 0.2014940 5.6039734 0.2881871 0.6330382 0.4006501 0.5963979
1520511577.320320 1.7878265 0.2342348 5.7619553 -0.2875701 0.6334488 -0.2876563 0.6582552
1520511577.720221 1.7638097 0.2180674 5.7906179 0.1674266 0.6525358 0.3120838 0.6699023
1520511578.120285 1.7442303 0.2440217 5.7227573 -0.0297348 0.6561108 0.0757309 0.7502663
1520511578.820277 1.6632223 0.2134718 5.5737562 -0.1403770 0.6360894 -0.1882314 0.7350194
1520511579.370248 1.6423519 0.2006915 5.4525404 0.1753635 0.6429004 0.3472411 0.6598108
1520511579.820390 1.6890528 0.2239755 5.3182659 -0.1959997 0.6523992 -0.2161685 0.6994502
1520511581.320328 1.7063265 0.1946676 5.0117655 -0.0890328 0.7227697 -0.0885311 0.6795877
1520511581.770252 1.6618338 0.1795409 4.8755875 -0.4099057 0.5814577 -0.3889159 0.5853450
1520511582.270398 1.6779022 0.1638975 4.7647271 0.0085185 0.7401053 0.0151700 0.6722659
1520511582.720397 1.7419164 0.1530212 4.7163472 0.2325814 0.7268590 0.2289205 0.6042990
1520511583.120317 1.7918100 0.1774061 4.6642504 0.0097833 0.7376470 -0.0467182 0.6734973
1520511583.920234 1.7897029 0.1940292 4.6718636 -0.0621755 0.2815970 -0.0627410 0.9554585
1520511585.020413 1.7832320 0.1876261 4.8356400 0.0109818 0.5608437 -0.0165399 0.8276837
1520511586.520415 1.6673094 0.1630919 5.2669563 -0.0441588 0.2778030 -0.0180639 0.9594526
1520511587.420362 1.7304840 0.2317593 5.4473743 0.0025406 0.5383679 -0.0663834 0.8400875
