1520511541.719645 0.0000000 0.0000000 0.0000000 -0.0000000 -0.0000000 -0.0000000 1.0000000
1520511541.819648 0.0153591 -0.0340521 0.0341218 0.0383148 0.0054064 0.0025541 0.9992479
1520511542.069112 0.0521676 -0.1108943 0.0937718 0.1461736 0.0146918 0.0116656 0.9890811
1520511542.169115 0.0674306 -0.1347112 0.1105469 0.1758436 0.0184480 0.0051739 0.9842317
1520511542.219115 0.0749454 -0.1437936 0.1183061 0.1807165 0.0190896 0.0102471 0.9832966
1520511543.619805 0.2661546 0.1345716 0.2995818 -0.1979693 0.0029046 0.0418366 0.9793108
1520511543.769810 0.2845649 0.1223080 0.3416942 -0.1537571 -0.0073529 0.0484529 0.9868925
1520511543.869813 0.2979870 0.0997879 0.3779908 -0.0848335 -0.0029549 0.0513687 0.9950658
1520511544.369322 0.3759636 -0.0640339 0.4762951 0.1578936 -0.0094778 0.0271305 0.9870379
1520511544.918722 0.4510803 -0.0965430 0.4681409 0.1698266 -0.0504856 0.0448687 0.9831567
1520511545.068726 0.4611001 -0.0472926 0.4551836 0.1229903 -0.0573580 0.0253145 0.9904255
1520511547.069262 0.5375548 -0.1290020 0.1015996 0.1854210 -0.1420124 0.0822381 0.9688594
1520511547.320362 0.5147697 -0.0506196 0.0706194 0.0890904 -0.1870491 0.0611566 0.9763889
1520511547.619942 0.4836353 0.0591704 0.0017555 -0.0719074 -0.2287847 0.0261312 0.9704660
1520511551.219242 -0.1575656 -0.1394759 0.2644948 0.1970880 -0.3366752 0.1080918 0.9143973
1520511551.468963 -0.1980982 -0.0575397 0.2397139 0.1122433 -0.3238882 0.0718383 0.9366629
1520511558.069566 0.3295022 0.1422102 0.4341467 -0.1625928 -0.1558741 -0.0051767 0.9742896
1520511558.720580 0.4020476 -0.0421265 0.5045198 0.1481962 -0.2118900 0.0416684 0.9650930
1520511559.069284 0.4606257 -0.1227202 0.4444197 0.2299763 -0.1786857 0.0510498 0.9552886
1520511560.019288 0.5446782 0.1298738 0.1956615 -0.1339761 -0.2230416 -0.0043085 0.9655488
1520511561.220125 0.5376331 -0.1112237 0.0299040 0.1477433 -0.2522902 0.0647905 0.9541090
1520511561.670943 0.4722228 0.0039256 -0.0129472 0.0039023 -0.2432249 0.0557112 0.9683609
1520511561.970455 0.4381690 0.0917921 -0.0374673 -0.0941151 -0.2220312 0.0347172 0.9698656
1520511562.370174 0.3785567 0.1281103 -0.0503044 -0.1948910 -0.2503770 -0.0096373 0.9482806
1520511565.070063 -0.2018096 -0.1293431 0.2105370 0.2020869 -0.2452718 0.1116824 0.9415571
1520511565.469433 -0.2456034 -0.1182945 0.1991390 0.1980139 -0.2178971 0.0789069 0.9524102
1520511565.619308 -0.2644350 -0.0641749 0.1882789 0.1332250 -0.2288034 0.0705024 0.9617326
1520511568.470292 0.0298366 -0.0174429 -0.1083421 0.0207979 -0.2758411 0.0359947 0.9603038
1520511568.770301 0.0831476 -0.1013291 -0.0749430 0.1111993 -0.2504296 0.0625693 0.9596900
1520511569.320488 0.1636644 0.0011428 0.0021375 -0.0332393 -0.1756426 0.0505961 0.9825908
1520511570.220345 0.3083091 0.0362343 0.1097304 -0.1910594 -0.0916193 0.4532716 0.8658215
1520511573.120014 0.4050952 0.0416852 0.2191248 -0.1731708 -0.1244367 0.4046356 0.8892678
1520511577.070312 -0.1502159 0.0200294 -0.0011510 0.0744464 -0.1850669 -0.4261437 0.8823887
1520511577.420211 -0.1683183 0.0237318 -0.0276839 -0.0114212 -0.1924908 -0.1794722 0.9646796
1520511577.870277 -0.1593120 0.0079659 -0.0414663 -0.2082578 -0.1794771 0.4219564 0.8639268
1520511578.120285 -0.1291378 0.0311089 -0.0379779 -0.1159487 -0.2485254 0.0723375 0.9589361
1520511578.770277 -0.0320833 0.0222992 -0.0500213 0.0667644 -0.2579826 -0.2337167 0.9350744
1520511579.120240 0.0084686 0.0134109 -0.0471929 -0.1332328 -0.2030783 0.2653390 0.9330612
1520511579.970391 0.1210227 0.0409654 0.0382307 0.1089180 -0.2277802 -0.3997771 0.8811535
1520511581.720251 0.3615754 0.0453154 0.0969575 0.0568640 -0.1739932 -0.5026394 0.8448945
1520511582.120393 0.4199835 0.0514862 0.1227935 0.0037526 -0.1678244 -0.1832773 0.9686230
1520511582.570392 0.4394305 0.0330556 0.1622529 -0.0836757 -0.0970582 0.4094909 0.9032694
1520511583.470270 0.4712285 0.0740644 0.2380538 -0.0276943 -0.1959005 0.0670553 0.9779363
1520511583.820231 0.4601697 0.0751738 0.2221478 0.0009496 -0.5579953 -0.0107263 0.8297742
1520511584.120372 0.4433786 0.0682832 0.2217951 0.0136072 -0.5616976 0.0230153 0.8269106
1520511584.570449 0.4414532 0.0758171 0.2481648 -0.0885324 0.0437738 0.1257814 0.9871297
1520511585.070414 0.3502854 0.0591130 0.1632203 -0.0001370 -0.4396693 0.0460385 0.8969789
1520511585.620605 0.2689502 0.0627156 0.1309702 -0.0455549 -0.4369765 0.0913430 0.8936625
1520511587.470365 0.0224401 0.0403416 0.0046294 0.0315692 -0.4436834 0.0194989 0.8954150
1520511587.820422 -0.0191106 0.0335239 -0.0347965 -0.0114362 -0.4093061 0.0473957 0.9110936
1520511588.120535 -0.0187835 0.0281242 -0.0344013 -0.0197593 -0.1965138 0.1135874 0.9736991
1520511588.770420 -0.0098507 0.0404674 -0.0446023 -0.0267119 -0.1505824 0.0878412 0.9843248
