1520531829.251142 0.0000000 0.0000000 0.0000000 -0.0000000 -0.0000000 -0.0000000 1.0000000
1520531838.901327 0.8185124 -0.1497860 0.0456087 -0.0102354 0.0497267 -0.0318981 0.9982010
1520531839.401467 0.6568469 0.0804994 -0.1602301 -0.1048467 0.0125983 -0.0511935 0.9930900
1520531842.851848 0.2930129 0.0537697 0.1694242 -0.1597638 0.2294521 -0.0135412 0.9600229
1520531842.952541 0.3681943 -0.0049178 0.1627077 -0.1382726 0.2735602 -0.0380971 0.9511016
1520531844.251678 -0.4674833 -0.0923001 0.0212520 -0.0669985 -0.5350203 -0.0003619 0.8421784
1520531844.651777 -0.2826696 -0.2040861 0.0989853 -0.0503799 -0.5171042 0.1294550 0.8445746
1520531844.901784 -0.1389104 -0.1298527 0.3548270 -0.0267103 -0.2855980 0.0471656 0.9568155
1520531845.451609 0.5769070 -0.1833946 0.2821920 0.0410657 0.4442788 -0.0747792 0.8918173
1520531846.301463 0.6672710 -0.2937248 0.2892647 0.2698967 0.0323261 -0.0187804 0.9621633
1520531848.502480 -0.4642675 -0.1576259 0.2084833 0.1621833 -0.1842956 -0.4377737 0.8649195
1520531850.251844 0.1983332 -0.1465140 0.1302218 0.0429645 -0.1306335 -0.0971710 0.9857215
1520531850.451850 0.2605471 -0.1461783 0.1451759 -0.0227723 -0.1001944 0.1697425 0.9801173
1520531851.202410 0.7124436 -0.1953722 0.2728797 0.0827816 0.2095324 -0.1598407 0.9610901
1520531851.551649 0.3821957 -0.3071640 0.3254629 0.2501141 0.0443547 -0.2807853 0.9255458
1520531852.201609 -0.3688957 -0.0229709 0.0640526 -0.1929590 -0.3123623 0.0111817 0.9300923
1520531852.402722 -0.4006550 -0.2259725 0.0799157 -0.0786581 -0.3506744 0.1052543 0.9272335
1520531852.704768 -0.2176125 -0.3727737 0.2055579 0.0440246 -0.2255897 0.1448727 0.9623841
1520531852.901844 -0.0366724 -0.2815176 0.2737054 0.0112558 -0.1028640 0.1105095 0.9884736
1520531853.501797 0.4936533 -0.0106804 0.1966701 -0.0573399 0.2276000 -0.0266684 0.9716992
1520531853.802518 0.6807688 -0.0506372 0.1126598 -0.0222364 0.3592783 -0.0717768 0.9302003
1520531854.002239 0.7671167 -0.0566058 0.0947900 -0.0087581 0.4135579 -0.0851118 0.9064485
1520531854.502322 1.0234900 -0.0004762 0.2444420 -0.0344035 0.4276761 -0.0417324 0.9023126
1520531854.652327 1.1007626 -0.0048485 0.3185651 -0.0539182 0.4127906 -0.0384928 0.9084136
1520531854.852425 1.2157202 0.0090560 0.4360234 -0.0598929 0.3897491 -0.0323656 0.9184014
1520531855.002430 1.3174284 0.0213976 0.5363100 -0.0371969 0.3692031 -0.0429745 0.9276090
1520531855.202494 1.4397213 0.0059913 0.6827090 -0.0225352 0.3260432 -0.0360419 0.9443988
1520531855.352499 1.5077752 0.0034655 0.7982539 -0.0344877 0.2719057 -0.0253271 0.9613722
1520531855.552506 1.6075282 0.0330796 0.9754183 -0.0296949 0.2320291 -0.0287206 0.9718313
1520531855.702933 1.6778846 0.0270301 1.1149191 -0.0237205 0.2175449 -0.0361288 0.9750930
1520531855.902938 1.7640334 0.0219333 1.2859896 -0.0386489 0.1992112 -0.0321057 0.9786677
1520531856.103550 1.8475900 0.0628383 1.4727502 -0.0423782 0.1782504 -0.0269715 0.9827020
1520531856.303557 1.9137003 0.0645319 1.6662357 -0.0728187 0.1441954 -0.0219379 0.9866225
1520531856.403857 1.9321873 0.0546699 1.7651007 -0.0713106 0.1180735 -0.0164709 0.9903040
1520531856.553861 1.9715104 0.0829572 1.9130292 -0.0493279 0.1040334 -0.0164863 0.9932131
1520531856.753868 2.0282013 0.1111129 2.1130538 -0.0549420 0.1484419 0.0091976 0.9873508
1520531857.053997 2.1732080 0.1042018 2.3677289 -0.0582301 0.2468912 0.0466514 0.9661664
1520531857.353811 2.3807359 0.1180984 2.5962603 -0.0781754 0.3174208 0.0793455 0.9417202
1520531857.553818 2.5645773 0.1115651 2.7156992 -0.0572980 0.4017133 0.0789294 0.9105567
1520531857.654828 2.6699328 0.1249661 2.7684269 -0.0529809 0.4425869 0.0736863 0.8921213
1520531857.954837 2.9774723 0.0995135 2.8587108 -0.0484414 0.5871755 0.0544184 0.8061744
1520531858.055733 3.0822625 0.0967824 2.8756104 -0.0418475 0.6237783 0.0588193 0.7782608
1520531858.255740 3.2988715 0.1107673 2.9105473 -0.0331056 0.6596993 0.0519573 0.7490003
1520531858.556213 3.6108844 0.0650404 2.9709296 -0.0238700 0.6575771 0.0407922 0.7519034
1520531858.905608 3.9958050 0.0686454 3.0319383 -0.0417215 0.6773250 0.0422983 0.7332810
1520531859.155615 4.2684336 0.0455529 3.0462041 -0.0248004 0.7068726 0.0581824 0.7045076
1520531859.404659 4.5657496 0.0362551 3.0605199 -0.0195525 0.7054027 0.0478739 0.7069178
1520531859.654665 4.8379889 0.0021569 3.0888555 -0.0114149 0.6970680 0.0300818 0.7162828
1520531859.753837 4.9538770 0.0073491 3.0958974 -0.0001675 0.6986995 0.0097692 0.7153486
1520531859.853840 5.0672340 0.0024568 3.1013741 0.0176320 0.7069846 0.0083559 0.7069598
1520531859.953843 5.1761379 -0.0114354 3.0957646 0.0161280 0.7225510 0.0109628 0.6910425
1520531860.103601 5.3341565 -0.0283081 3.0775828 0.0044045 0.7476236 0.0173002 0.6638827
1520531860.203605 5.4412689 -0.0222052 3.0692453 0.0016845 0.7516006 0.0178881 0.6593738
1520531860.303608 5.5558395 -0.0116764 3.0671263 0.0048310 0.7464570 0.0173154 0.6651908
1520531860.403611 5.6683054 -0.0136554 3.0684571 0.0029101 0.7412790 0.0198879 0.6708960
1520531860.504915 5.7763662 -0.0249502 3.0751934 -0.0093457 0.7341370 0.0326953 0.6781493
1520531860.604917 5.8779497 -0.0383237 3.0910420 -0.0146597 0.7262022 0.0374427 0.6863042
1520531860.704921 5.9892440 -0.0394801 3.0980957 -0.0213661 0.7180193 0.0207110 0.6953868
1520531860.854925 6.1580038 -0.0263302 3.1066194 -0.0205824 0.7150425 0.0109189 0.6986926
1520531861.008170 6.3250360 -0.0367111 3.1080892 -0.0289121 0.7319227 0.0263866 0.6802625
1520531861.208176 6.5294433 -0.0591598 3.0920346 -0.0251422 0.7482777 0.0308007 0.6621931
1520531861.459930 6.8100910 -0.0517752 3.0838590 -0.0144793 0.7302799 0.0186660 0.6827396
1520531861.609934 6.9540820 -0.0792192 3.0917540 -0.0121207 0.7079266 0.0217325 0.7058476
1520531861.860671 7.1970959 -0.0819153 3.1212797 -0.0099129 0.6795720 -0.0178480 0.7333247
1520531861.960674 7.2945232 -0.0831162 3.1382260 -0.0128574 0.6681036 -0.0268289 0.7434732
1520531862.209841 7.5092721 -0.1142383 3.1984138 -0.0298909 0.6168041 -0.0635071 0.7839810
1520531862.309844 7.5850520 -0.1153044 3.2310090 -0.0295972 0.5745470 -0.0910978 0.8128475
1520531862.459849 7.6881070 -0.1027204 3.2938366 -0.0249266 0.4958038 -0.1299712 0.8582918
1520531862.607268 7.7670841 -0.1035663 3.3628380 -0.0430269 0.4072749 -0.1373513 0.9018928
1520531862.807274 7.8443437 -0.1056308 3.4714370 -0.0369433 0.2901902 -0.1657945 0.9417734
1520531863.004577 7.9082336 -0.0776274 3.6019971 -0.0392098 0.2064673 -0.1866730 0.9596808
1520531863.154582 7.9350863 -0.0820231 3.7136769 -0.0360758 0.1567791 -0.1788740 0.9706302
1520531863.304586 7.9469342 -0.0928854 3.8288245 -0.0246737 0.1064573 -0.1521791 0.9822931
1520531863.403331 7.9552894 -0.0860471 3.9083607 -0.0241058 0.0714336 -0.1286212 0.9888240
1520531863.503335 7.9608927 -0.0812104 3.9914787 -0.0203777 0.0433073 -0.1006859 0.9937664
1520531863.603337 7.9693089 -0.0926454 4.0750456 -0.0022209 0.0265223 -0.0722854 0.9970289
1520531863.752886 7.9790378 -0.1176558 4.1928015 0.0033492 0.0032193 -0.0341149 0.9994072
1520531863.902891 7.9916711 -0.1255185 4.3100610 0.0097212 -0.0040028 -0.0148183 0.9998350
1520531864.052895 8.0135231 -0.1181271 4.4404125 0.0176780 0.0275986 0.0064210 0.9994422
1520531864.202590 8.0495462 -0.1244004 4.5662260 0.0133605 0.0842852 0.0288722 0.9959338
1520531864.352594 8.1166172 -0.1262656 4.6795893 0.0018039 0.1591476 0.0347936 0.9866399
1520531864.452597 8.1685419 -0.1267659 4.7492762 0.0064279 0.1967490 0.0325039 0.9798938
1520531864.552600 8.2270155 -0.1273265 4.8184757 0.0103551 0.2321250 0.0328660 0.9720755
1520531864.703091 8.3295546 -0.1393033 4.9241295 0.0235055 0.2797145 0.0145934 0.9596846
1520531864.853096 8.4338341 -0.1626912 5.0151153 0.0319840 0.3181738 -0.0043339 0.9474829
1520531865.004427 8.5395250 -0.1763812 5.0909576 0.0433121 0.3471081 -0.0177500 0.9366564
1520531865.154432 8.6490765 -0.1793203 5.1550932 0.0532974 0.3823760 -0.0406107 0.9215740
1520531865.304436 8.7549829 -0.1933767 5.2027750 0.0496546 0.4097176 -0.0527695 0.9093302
1520531865.454539 8.8619652 -0.2056056 5.2420044 0.0365816 0.4325093 -0.0454747 0.8997387
1520531865.604544 8.9688025 -0.2119582 5.2845106 0.0388312 0.4320066 -0.0375774 0.9002501
1520531865.754605 9.0733528 -0.2262559 5.3320646 0.0644083 0.4198641 -0.0587982 0.9033873
1520531865.954990 9.1662531 -0.2673402 5.4068890 0.0957987 0.3485560 -0.0804610 0.9289011
1520531866.154996 9.2203608 -0.2814367 5.4999189 0.1129387 0.2620754 -0.1020896 0.9529634
1520531866.354599 9.2359276 -0.2915823 5.5993629 0.1342855 0.1481726 -0.1298347 0.9711618
1520531866.554605 9.1991568 -0.2915738 5.6624746 0.1517763 -0.0243373 -0.1450404 0.9774123
1520531866.753669 9.1327982 -0.2674108 5.6551905 0.1494679 -0.2469882 -0.1127057 0.9507648
1520531867.003677 9.0526133 -0.2150221 5.5506544 0.0993825 -0.4796547 -0.0711349 0.8689042
1520531867.203173 8.9973679 -0.1913530 5.4227896 0.0487013 -0.6106301 -0.0268375 0.7899613
1520531867.452915 8.9296236 -0.1812428 5.2629404 0.0159721 -0.6978644 0.0031154 0.7160451
1520531867.652921 8.8554802 -0.1705704 5.1607900 -0.0095712 -0.7362775 -0.0200600 0.6763147
1520531867.802926 8.7696333 -0.1727221 5.0898466 -0.0032634 -0.7531470 0.0007500 0.6578436
1520531867.952950 8.6805630 -0.1866577 5.0309525 -0.0025200 -0.7556843 0.0285146 0.6543103
1520531868.152956 8.5455236 -0.1894144 4.9809012 -0.0064404 -0.7154905 0.0260610 0.6981065
1520531868.402915 8.3576059 -0.1845504 4.9528284 0.0195944 -0.6343490 0.0601977 0.7704504
1520531868.702861 8.1808805 -0.1858624 4.9965239 0.0071015 -0.4864380 0.0194189 0.8734705
1520531868.902868 8.0659513 -0.1784235 5.0488381 0.0218287 -0.4008711 0.0177734 0.9157020
1520531869.103264 7.9710555 -0.2001933 5.1204796 0.0376017 -0.3087399 0.0169016 0.9502527
1520531869.353271 7.8797755 -0.2292774 5.2344542 0.0443422 -0.1713936 -0.0121177 0.9841297
1520531869.603582 7.8268890 -0.2882953 5.3502169 0.0953220 -0.0341916 -0.0105773 0.9948030
1520531869.903491 7.8577175 -0.3382237 5.4795771 0.1142456 0.1303811 -0.0334936 0.9842901
1520531870.253502 7.9704466 -0.3981068 5.5382471 0.1256639 0.3397542 -0.0806217 0.9285882
1520531870.503510 8.0484695 -0.4089236 5.5140805 0.0911837 0.4703948 -0.1165566 0.8699591
1520531871.504118 8.0460157 -0.3310724 5.0537648 -0.0420546 0.5584828 0.0085082 0.8284058
1520531871.754703 8.0487537 -0.2845433 4.9333172 -0.0117656 0.7082916 0.0469027 0.7042618
1520531872.005928 8.0536032 -0.2319299 4.7501912 0.0086252 0.8799284 0.1050663 0.4632633
1520531872.255935 8.0343246 -0.2104129 4.5661879 0.0510845 0.9414087 0.1330646 0.3056698
1520531872.506391 8.0173426 -0.1891690 4.3792763 0.0508730 0.9685407 0.1375206 0.2010698
1520531872.706397 8.0170479 -0.1668260 4.1971149 0.0369207 0.9877988 0.0908004 0.1210197
1520531873.161369 8.0348310 -0.1779388 3.7914343 0.0278342 0.9991050 0.0162606 0.0273881
1520531873.511380 8.0561829 -0.2082290 3.4650803 0.0243212 0.9976588 -0.0390328 0.0506147
1520531873.711202 8.0711222 -0.1897413 3.2831888 0.0256471 0.9968119 -0.0456950 0.0601692
1520531873.911208 8.0681534 -0.1869140 3.0901294 0.0107056 0.9987417 -0.0332709 0.0359609
1520531874.011378 8.0596180 -0.1939800 2.9975500 0.0072428 0.9992945 -0.0323522 0.0176523
1520531874.161381 8.0592670 -0.1921580 2.8605316 0.0156186 0.9994905 -0.0224354 0.0164709
1520531874.261385 8.0626431 -0.1913290 2.7612360 0.0039970 0.9988410 -0.0389520 0.0279919
1520531874.460205 8.0875092 -0.1994361 2.5751932 -0.0250490 0.9947159 -0.0589160 0.0802616
1520531874.610209 8.1306581 -0.2075257 2.4538953 -0.0511437 0.9863005 -0.0665780 0.1419973
1520531874.760215 8.1929340 -0.2001970 2.3301616 -0.0742120 0.9747525 -0.0845195 0.1928903
1520531874.908749 8.2765665 -0.2030084 2.2176442 -0.0947013 0.9608340 -0.1013149 0.2399275
1520531875.058753 8.3681107 -0.2156842 2.1273813 -0.1043549 0.9443127 -0.1114608 0.2914793
1520531875.258055 8.5142231 -0.2051947 2.0318201 -0.0779195 0.9143396 -0.1106839 0.3816550
1520531875.458061 8.6633606 -0.1908050 1.9612780 -0.0631094 0.8892869 -0.0616925 0.4487540
1520531875.658067 8.8145218 -0.2227433 1.9319303 -0.0092592 0.8475462 -0.0626761 0.5269265
1520531875.908075 9.0118408 -0.2088049 1.8791814 -0.0038834 0.8311738 -0.0296127 0.5552098
1520531876.059258 9.1238623 -0.2221969 1.8211653 -0.0056539 0.8561836 -0.0201929 0.5162460
1520531876.209263 9.2137470 -0.2475954 1.7357686 0.0131714 0.8889223 -0.0324946 0.4567143
1520531876.359267 9.2964039 -0.2560137 1.6422529 0.0367536 0.9071276 -0.0431466 0.4170219
1520531876.607643 9.4039097 -0.2754333 1.4599094 0.0353008 0.9322861 -0.0737722 0.3523550
1520531876.855071 9.4749403 -0.2798486 1.2694969 0.0169919 0.9633631 -0.0297393 0.2660041
1520531877.055171 9.4919567 -0.2741056 1.1067210 0.0076991 0.9888486 -0.0354640 0.1444354
1520531877.303492 9.4203091 -0.2865337 0.9490370 -0.0060273 -0.9997176 0.0208330 0.0097068
1520531877.553499 9.3231020 -0.3048765 0.8060690 -0.0163042 -0.9947671 0.0381240 0.0933759
1520531877.752908 9.2713289 -0.3222242 0.7074951 0.0178671 -0.9953014 0.0502827 0.0807930
1520531877.952915 9.2636099 -0.3329698 0.6050397 0.0178350 -0.9976861 0.0504091 0.0419920
1520531878.152721 9.2763758 -0.3164983 0.4910222 0.0187129 -0.9985964 0.0474976 0.0141096
1520531878.352727 9.3051662 -0.3040646 0.3456542 -0.0027428 0.9987887 -0.0418725 0.0256991
1520531878.502788 9.3272982 -0.3206439 0.2360094 0.0139250 0.9969535 -0.0415638 0.0645156
1520531878.652845 9.3440237 -0.3435813 0.1332675 0.0086327 0.9947761 -0.0516498 0.0876269
1520531878.802797 9.3577242 -0.3543642 0.0249801 0.0047535 0.9901708 -0.0793416 0.1150820
1520531878.953275 9.3703127 -0.3432033 -0.0936317 0.0038053 0.9867283 -0.0688265 0.1470237
1520531879.103281 9.3846798 -0.3421572 -0.2250710 -0.0039988 0.9803491 -0.0775109 0.1813611
1520531879.253285 9.4074268 -0.3571679 -0.3337266 -0.0247616 0.9671091 -0.0997744 0.2326631
1520531879.354802 9.4347706 -0.3735855 -0.3792868 -0.0272947 0.9576694 -0.1179889 0.2611564
1520531879.554808 9.5008841 -0.3959514 -0.4057226 -0.0228089 0.9278961 -0.1360033 0.3463984
1520531879.804812 9.6014996 -0.3956098 -0.3802834 -0.0116157 0.8692257 -0.1327580 0.4761167
1520531880.004819 9.7002058 -0.3834251 -0.3500993 0.0021586 0.8035178 -0.1381081 0.5790341
1520531880.153751 9.7639608 -0.3817717 -0.3131586 0.0102364 0.7393655 -0.1623131 0.6533670
1520531880.253765 9.7934828 -0.3831408 -0.2789825 0.0094049 0.6894173 -0.1643167 0.7054186
1520531880.353757 9.8113890 -0.3862414 -0.2419863 0.0110238 0.6263153 -0.1714112 0.7604117
1520531880.503762 9.8200655 -0.3918607 -0.1848030 0.0392383 0.5209659 -0.1834323 0.8327110
1520531880.603342 9.8047142 -0.3930793 -0.1487508 0.0697895 0.4310849 -0.2101900 0.8747087
1520531880.703345 9.7693424 -0.3892102 -0.1190407 0.0945688 0.3311750 -0.2296665 0.9102928
1520531880.853350 9.6900568 -0.3873162 -0.0965874 0.1149824 0.1963481 -0.2397119 0.9438034
1520531880.953510 9.6175594 -0.3849149 -0.0888215 0.1165443 0.1165835 -0.2278671 0.9596366
1520531881.103515 9.5115089 -0.3660755 -0.0889761 0.0998609 0.0077361 -0.1929448 0.9760842
1520531881.253520 9.4119101 -0.3421190 -0.0919436 0.0639957 -0.0776692 -0.1483741 0.9837973
1520531881.555186 9.2569151 -0.3195834 -0.0441077 0.0397713 -0.1811975 -0.0736373 0.9798791
1520531881.857121 9.1074200 -0.3161126 0.0297499 0.0195690 -0.2522927 -0.0004651 0.9674529
1520531882.256622 8.9546261 -0.3451584 0.1088915 -0.0021662 -0.3172852 0.0589330 0.9464948
1520531882.556631 8.8904743 -0.3878841 0.1695263 0.0240476 -0.3990782 0.1266410 0.9078108
1520531882.706256 8.8881454 -0.3932631 0.2501273 0.0261761 -0.4053260 0.1560494 0.9003746
1520531882.856261 8.9052229 -0.3870823 0.3734109 0.0239731 -0.4031661 0.1691509 0.8990387
1520531883.055934 8.9341507 -0.3695309 0.5541644 0.0076998 -0.3844281 0.1112708 0.9163922
1520531883.205938 8.9407072 -0.3670349 0.6735594 -0.0074638 -0.3524206 0.1064664 0.9297360
1520531883.355943 8.9387798 -0.3590189 0.7869225 -0.0033113 -0.3219180 0.1002255 0.9414419
1520531883.459389 8.9329309 -0.3489401 0.8628001 0.0085840 -0.2998614 0.0813482 0.9504694
1520531883.609394 8.9273615 -0.3410747 0.9687405 0.0238434 -0.2647226 0.0642495 0.9618865
1520531883.861495 8.9378405 -0.3128591 1.1465981 0.0041206 -0.2188104 0.0534820 0.9742920
1520531884.061501 8.9611473 -0.2795534 1.3138192 0.0059410 -0.2036601 0.0164183 0.9788860
1520531884.211715 8.9600124 -0.2700813 1.4352639 0.0016265 -0.2081514 -0.0215310 0.9778583
1520531884.461723 8.9004164 -0.2579160 1.6086485 0.0157368 -0.2854755 -0.0718843 0.9555568
1520531884.561726 8.8565273 -0.2437648 1.6760726 0.0366655 -0.3178630 -0.0833942 0.9437500
1520531884.711730 8.7766256 -0.2369145 1.7570112 0.0489931 -0.3854432 -0.0892056 0.9171018
1520531884.961743 8.6279011 -0.2425847 1.8259315 0.0644552 -0.5037354 -0.0821594 0.8575232
1520531885.211746 8.4619255 -0.2170307 1.8453652 0.0624940 -0.6368508 -0.0535730 0.7665803
1520531885.511570 8.2740421 -0.2140025 1.7869390 0.0133344 -0.7705809 -0.0191414 0.6369152
1520531885.761578 8.0873346 -0.1978789 1.7351346 -0.0099074 -0.8125764 0.0054461 0.5827449
1520531886.059556 7.8260412 -0.2067800 1.7107325 -0.0379122 -0.8006642 0.0135634 0.5977588
1520531886.309018 7.5761681 -0.1779663 1.7045468 -0.0495150 -0.7888984 0.0246183 0.6120306
1520531886.609027 7.2857909 -0.1895047 1.6957268 -0.0598763 -0.7752382 0.0274974 0.6282234
1520531886.859121 7.0147514 -0.1567582 1.7109444 -0.0256506 -0.7479022 0.0301261 0.6626286
1520531887.109705 6.7562366 -0.1719088 1.7548013 0.0057840 -0.6949078 0.0181797 0.7188457
1520531887.359713 6.5115042 -0.1433476 1.7978923 0.0138618 -0.6909580 0.0255455 0.7223104
1520531887.610507 6.2730489 -0.1451852 1.8153152 0.0171569 -0.7211594 0.0163395 0.6923639
1520531887.910392 5.9918394 -0.1160468 1.7987705 0.0404256 -0.7614006 0.0120137 0.6469084
1520531888.160398 5.7635546 -0.1266289 1.7648743 0.0398179 -0.7863227 -0.0039075 0.6165193
1520531888.360186 5.5995979 -0.1165033 1.7135435 0.0404949 -0.8221290 0.0093694 0.5677820
1520531888.560192 5.4435821 -0.0989226 1.6411190 0.0343980 -0.8669364 0.0192428 0.4968581
1520531888.759271 5.3275251 -0.1077314 1.5445811 0.0237267 -0.9182211 0.0255542 0.3945304
1520531889.009279 5.2167506 -0.0864413 1.3918585 0.0416087 -0.9616424 0.0247342 0.2700017
1520531889.257441 5.2037530 -0.1057987 1.2458528 0.0615529 -0.9919996 0.0565557 0.0946013
1520531889.605602 5.3308754 -0.1223780 1.1859369 -0.0426551 0.9436179 -0.1344536 0.2994797
1520531889.955728 5.4181695 -0.1147693 1.3909509 -0.0095355 0.7518107 -0.1181519 0.6486371
1520531890.255670 5.4454789 -0.1054644 1.6265019 0.0151162 0.5984213 -0.0537820 0.7992316
1520531890.559833 5.5195131 -0.1061861 1.8042455 0.0310562 0.4996257 -0.0198638 0.8654567
1520531891.611946 6.3710990 -0.1365027 1.7996618 0.0559650 0.7134463 0.0376235 0.6974574
1520531891.961957 6.6928468 -0.1367971 1.6867765 0.0511809 0.7784009 -0.0003358 0.6256777
1520531892.410085 7.1314754 -0.1571629 1.6491911 -0.0028618 0.7547076 -0.0709615 0.6522061
1520531892.810210 7.5179629 -0.1857950 1.7618129 -0.0244713 0.6428787 -0.0847698 0.7608695
1520531893.160220 7.7877541 -0.1582403 1.9552891 -0.0293431 0.4496577 -0.0673316 0.8901761
1520531893.562007 7.9440403 -0.1277125 2.2680540 -0.0472576 0.2407571 -0.0540466 0.9679266
1520531894.162026 8.1078358 -0.1279131 2.7640462 -0.0217007 0.0815162 0.0330105 0.9958888
1520531894.612040 8.3426409 -0.1412028 3.1226087 0.0242401 0.1927860 0.0825347 0.9774631
1520531895.010612 8.6985331 -0.1407073 3.3255959 0.0175509 0.4380707 0.0954264 0.8936890
1520531895.260157 8.9408073 -0.1385871 3.4051731 0.0252775 0.5254416 0.0707011 0.8475101
1520531895.510165 9.1750050 -0.1370496 3.4678075 0.0048291 0.5790732 0.0446251 0.8140389
1520531895.809137 9.4759655 -0.1435620 3.5274811 -0.0192345 0.6437275 0.0189193 0.7647792
1520531896.057459 9.7233505 -0.1643544 3.5489922 -0.0083094 0.6889926 0.0049297 0.7247040
1520531896.257464 9.9338188 -0.1649367 3.5805628 -0.0017892 0.6807042 -0.0079209 0.7325134
1520531896.505985 10.1691055 -0.1971017 3.6311769 -0.0012336 0.6577185 -0.0044753 0.7532496
1520531896.705991 10.3908024 -0.1969329 3.6615584 0.0030698 0.6578540 -0.0650319 0.7503263
1520531896.954910 10.6433878 -0.2270649 3.6895113 -0.0056552 0.6794142 -0.0473085 0.7322064
1520531897.204918 10.8976011 -0.2020474 3.6942797 -0.0132552 0.6822815 -0.0333219 0.7302095
1520531897.354434 11.0487900 -0.2042723 3.7023215 -0.0182274 0.6783351 -0.0367865 0.7336048
1520531897.554440 11.2423878 -0.2122772 3.7217164 -0.0390841 0.6617426 -0.0416747 0.7475509
1520531897.705037 11.4001083 -0.2010019 3.7379818 -0.0289208 0.6705502 -0.0446092 0.7399567
1520531897.855042 11.5583372 -0.2036161 3.7550159 -0.0224855 0.6798293 -0.0462915 0.7315624
1520531898.005046 11.7074680 -0.2262278 3.7674530 -0.0201221 0.6886528 -0.0447093 0.7234318
1520531898.157043 11.8560505 -0.2206962 3.7803714 -0.0305969 0.6848605 -0.0298193 0.7274206
1520531898.357049 12.0734615 -0.2177974 3.8024540 -0.0063058 0.6818614 -0.0216849 0.7311327
1520531898.508911 12.2259617 -0.2393015 3.8169532 -0.0222066 0.6698304 -0.0293251 0.7416025
1520531898.758919 12.4800253 -0.2439983 3.8450017 -0.0319265 0.6580341 -0.0492359 0.7506980
1520531898.958045 12.6914015 -0.2599877 3.8800101 -0.0124370 0.6526945 -0.0362615 0.7566508
1520531899.158051 12.9007339 -0.2816438 3.8913991 -0.0066225 0.6568080 -0.0439172 0.7527488
1520531899.356673 13.1013947 -0.2771848 3.8904705 -0.0085706 0.6428512 -0.0563054 0.7638708
1520531899.656682 13.3693190 -0.2864567 3.8790603 -0.0109721 0.6118402 -0.0321435 0.7902519
1520531899.805559 13.4995880 -0.2885443 3.8572218 -0.0053022 0.6209361 -0.0542831 0.7819614
1520531900.005565 13.6657658 -0.3002498 3.8218234 0.0146342 0.6391517 -0.0581927 0.7667364
1520531900.204764 13.8021049 -0.3227757 3.7744579 0.0143982 0.6526018 -0.0642729 0.7548329
1520531900.354768 13.8870153 -0.3340974 3.7373314 0.0047651 0.6589896 -0.0800489 0.7478650
1520531900.504773 13.9546795 -0.3355677 3.7085199 0.0025843 0.6445888 -0.0851095 0.7597730
1520531900.604561 13.9888496 -0.3355174 3.6905522 -0.0095954 0.6374550 -0.0784435 0.7664240
1520531902.905711 14.1534529 -0.3258069 3.5880866 -0.0167121 0.7467520 -0.0384242 0.6637815
1520531903.055785 14.1541300 -0.3273523 3.5705914 -0.0117433 0.7559108 -0.0282987 0.6539574
1520531903.205789 14.1515903 -0.3294907 3.5571268 -0.0118090 0.7592810 -0.0304018 0.6499451
1520531903.405796 14.1443939 -0.3302778 3.5369132 -0.0158787 0.7573949 -0.0320445 0.6519771
1520531903.655821 14.1340332 -0.3348113 3.5157089 -0.0153799 0.7578003 -0.0273426 0.6517320
1520531903.805827 14.1259537 -0.3373356 3.5001390 -0.0049047 0.7720267 -0.0167529 0.6353505
1520531903.955733 14.1230841 -0.3365570 3.4725323 0.0078504 0.8068969 -0.0069962 0.5905989
1520531904.105737 14.1164951 -0.3257376 3.4233198 0.0087500 0.8634514 -0.0072295 0.5043044
1520531904.255487 14.0922232 -0.3097217 3.3580108 0.0203495 0.9171857 0.0095809 0.3978248
1520531904.405492 14.0681868 -0.3069126 3.2892594 0.0168252 0.9513828 0.0190925 0.3069576
1520531904.555496 14.0464916 -0.3094061 3.2123725 -0.0021468 0.9671264 0.0308343 0.2524108
1520531904.704771 14.0467081 -0.3127783 3.1457410 -0.0075072 0.9745573 0.0215199 0.2229762
1520531904.804774 14.0546455 -0.3169679 3.0993629 -0.0027238 0.9781577 0.0075724 0.2077088
1520531904.954778 14.0799551 -0.3241150 3.0357780 -0.0110867 0.9808997 0.0030550 0.1941744
1520531905.104278 14.1191492 -0.3319817 2.9609087 0.0022350 0.9845530 -0.0084347 0.1748686
1520531905.304284 14.1615009 -0.3525141 2.8389001 0.0006585 0.9895614 -0.0083636 0.1438677
1520531905.503936 14.1954985 -0.3738946 2.7290523 0.0174942 0.9943495 0.0150946 0.1036110
1520531905.703943 14.2379494 -0.3779196 2.5893493 0.0222987 0.9943838 0.0731386 0.0731748
1520531905.853947 14.2759266 -0.3861241 2.4762881 0.0276713 0.9960327 0.0518105 0.0668511
1520531906.004402 14.3259020 -0.4200346 2.3747108 0.0072446 0.9985033 0.0183987 0.0509941
1520531906.204408 14.4142752 -0.4417542 2.2612116 -0.0069934 0.9994113 0.0231864 0.0242956
1520531906.354664 14.4985437 -0.4575349 2.1790073 -0.0114175 0.9998729 0.0110274 0.0015155
1520531906.554669 14.6296206 -0.4881985 2.0855062 -0.0184518 0.9997509 -0.0061052 0.0109693
1520531906.754348 14.7820663 -0.4923145 1.9985764 -0.0385698 0.9955184 -0.0170751 0.0846412
1520531906.904353 14.9077806 -0.4865746 1.9326074 -0.0371885 0.9877025 -0.0449417 0.1450558
1520531907.104073 15.0759945 -0.5042785 1.8743329 -0.0249856 0.9704126 -0.0366279 0.2373470
1520531907.354080 15.2720394 -0.5117644 1.8128281 -0.0029437 0.9440965 -0.0234503 0.3288206
1520531907.604116 15.4369993 -0.5196584 1.7008948 0.0067314 0.9493837 -0.0167873 0.3135978
1520531907.804122 15.5298748 -0.5266759 1.5770411 0.0086604 0.9692560 0.0069885 0.2458028
1520531908.004073 15.6180182 -0.5213656 1.4281487 0.0368074 0.9740818 -0.0004923 0.2231810
1520531908.254081 15.6988630 -0.5559302 1.2457767 0.0412510 0.9810352 -0.0134739 0.1889095
1520531908.353940 15.7288532 -0.5633647 1.1721950 0.0426970 0.9834407 -0.0179301 0.1752142
1520531908.503945 15.7724972 -0.5744295 1.0521524 0.0489239 0.9864805 -0.0398623 0.1512410
1520531908.653951 15.7986803 -0.5922596 0.9229944 0.0401846 0.9929056 -0.0563991 0.0966585
1520531908.753761 15.8035126 -0.6074409 0.8387138 0.0344382 0.9974518 -0.0483220 0.0396096
1520531908.903766 15.7917976 -0.6223487 0.7144617 -0.0266117 -0.9974384 0.0576313 0.0329713
1520531909.053770 15.7703323 -0.6337822 0.5924299 -0.0275959 -0.9910200 0.1010347 0.0831264
1520531909.203799 15.7299614 -0.6556668 0.4952159 -0.0119916 -0.9808553 0.1227606 0.1506954
1520531909.353804 15.6674557 -0.6728413 0.4347596 -0.0043231 -0.9567097 0.1176538 0.2661684
1520531909.553930 15.5722532 -0.6870413 0.4186816 0.0212482 -0.8830758 0.1242610 0.4519786
1520531909.853939 15.4942703 -0.6879761 0.5288337 0.0341796 -0.7225186 0.0957295 0.6838381
1520531910.103856 15.4884129 -0.6798480 0.6997929 0.0508352 -0.5912829 0.0741266 0.8014397
1520531910.253861 15.5022907 -0.6690433 0.8141532 0.0473557 -0.5071632 0.0485893 0.8591752
1520531910.404195 15.5153542 -0.6469798 0.9293551 0.0238965 -0.4087476 0.0340796 0.9116979
1520531910.554200 15.5337334 -0.6341017 1.0490198 0.0287051 -0.2997862 0.0247002 0.9532546
1520531910.704204 15.5556555 -0.6418637 1.1537514 0.0432997 -0.1876881 0.0138377 0.9811763
1520531910.854164 15.5924158 -0.6563557 1.2429111 0.0600058 -0.0720985 0.0075818 0.9955619
1520531911.054171 15.6618729 -0.6542347 1.3370347 0.0500729 0.0692479 -0.0073106 0.9963151
1520531911.203874 15.7244892 -0.6473832 1.3871536 0.0589283 0.1455842 -0.0065911 0.9875674
1520531911.453882 15.8261023 -0.6470945 1.4133654 0.0753564 0.2681715 -0.0231920 0.9601395
1520531911.604033 15.8780022 -0.6318221 1.4023776 0.0537242 0.4057377 -0.0222824 0.9121370
1520531911.754037 15.8996201 -0.6006855 1.3928642 0.0333400 0.5326051 -0.0200948 0.8454680
1520531911.854041 15.8992720 -0.5778866 1.3953617 0.0257346 0.6008912 -0.0194530 0.7986796
1520531912.004811 15.8874073 -0.5388058 1.4117231 0.0054926 0.6847880 0.0127972 0.7286093
1520531912.204817 15.8505535 -0.4742281 1.4432300 -0.0431399 0.7403147 0.0836051 0.6656450
1520531912.405150 15.7934322 -0.4072452 1.4742112 -0.1165306 0.7547399 0.1780877 0.6205425
1520531912.655158 15.7299194 -0.3958712 1.5171528 -0.1363425 0.7800958 0.1944010 0.5788520
1520531913.255005 15.6484833 -0.6312392 1.6148443 0.0889256 0.8170176 -0.0865751 0.5630980
1520531913.405010 15.6141682 -0.6789517 1.6503887 0.1207037 0.8129577 -0.1518239 0.5490717
1520531913.704485 15.5700579 -0.6724129 1.7033453 0.0926396 0.8298674 -0.1388869 0.5323986
1520531913.954493 15.5527096 -0.5735226 1.7233706 -0.0027057 0.8387307 0.0127385 0.5443908
1520531914.154638 15.5309258 -0.4951963 1.7365384 -0.0454591 0.8291662 0.1033524 0.5474808
1520531914.354644 15.5054731 -0.4204831 1.7530899 -0.0833724 0.8148581 0.1738963 0.5466401
1520531915.155271 15.4128637 -0.5766989 1.6122894 0.0223275 0.9781110 -0.0394275 0.2030901
1520531915.454258 15.2761621 -0.6473716 1.6070729 0.0391244 0.9876530 -0.1294886 0.0790177
1520531915.754030 15.0971689 -0.6157129 1.6558681 0.0390256 0.9929084 -0.1109735 0.0171760
1520531916.004038 14.9051094 -0.5387230 1.7187223 -0.0356625 -0.9924614 0.0541375 0.1040084
1520531916.254125 14.7029886 -0.4733889 1.8077354 -0.0497430 -0.9512379 0.0214260 0.3036663
1520531916.504452 14.5485458 -0.4620875 1.9238443 -0.0398966 -0.8693205 0.0279006 0.4918453
1520531916.754460 14.4387636 -0.4564590 2.0774071 -0.0583453 -0.7566057 0.0197502 0.6509636
1520531916.904919 14.3826447 -0.4392625 2.1749055 -0.0587660 -0.6939052 0.0252216 0.7172210
1520531917.104926 14.3162975 -0.4410667 2.3043897 -0.0501521 -0.6172611 0.0327575 0.7844747
1520531917.304932 14.2579041 -0.4381180 2.4304848 -0.0477258 -0.5348744 0.0213833 0.8433116
1520531917.455824 14.2115316 -0.4302819 2.5218029 -0.0390482 -0.4677559 0.0261274 0.8826082
1520531917.555827 14.1831722 -0.4304030 2.5794487 -0.0299738 -0.4277669 0.0256126 0.9030289
1520531917.705831 14.1457701 -0.4309926 2.6615825 -0.0389253 -0.3693808 0.0228874 0.9281804
1520531917.757012 14.1333857 -0.4307345 2.6926084 -0.0420383 -0.3476514 0.0191185 0.9364859
1520531917.907017 14.0858746 -0.4255345 2.7850776 -0.0554778 -0.2989129 0.0167461 0.9525193
1520531918.007020 14.0706196 -0.4178808 2.8527083 -0.0499378 -0.2831966 0.0199368 0.9575534
1520531918.057022 14.0566416 -0.4206485 2.8865838 -0.0426366 -0.2708436 0.0199931 0.9614709
1520531918.206300 14.0209875 -0.4150888 2.9899619 -0.0398589 -0.2309397 0.0154309 0.9720289
1520531918.306304 14.0002480 -0.4113159 3.0628753 -0.0465338 -0.2063724 0.0105442 0.9773096
1520531918.555593 13.9589977 -0.4060302 3.2640948 -0.0060930 -0.1098980 0.0183942 0.9937540
1520531918.655595 13.9598856 -0.4114567 3.3415923 -0.0010719 -0.0607657 0.0274999 0.9977726
1520531918.805600 13.9892817 -0.4109329 3.4496408 -0.0170859 0.0381705 0.0355963 0.9984909
1520531918.905603 14.0315151 -0.4029403 3.5173621 -0.0283781 0.1116533 0.0415498 0.9924726
1520531919.205144 14.2324085 -0.4015330 3.6747632 0.0039228 0.3440723 0.0368311 0.9382124
1520531919.455844 14.4232445 -0.4051425 3.7619197 -0.0027797 0.5080380 0.0189158 0.8611225
1520531919.655850 14.5664110 -0.4301861 3.8197951 0.0269108 0.6117519 0.0088635 0.7905422
1520531919.907965 14.7390776 -0.4701842 3.8464293 0.0231780 0.7009901 0.0132505 0.7126710
1520531920.157973 14.9184046 -0.4887620 3.8917048 0.0236563 0.7142662 -0.0145823 0.6993222
1520531920.459493 15.1712952 -0.4705988 3.9893141 0.0073019 0.7114671 0.0056746 0.7026585
1520531920.710284 15.4089317 -0.4518805 4.0361428 -0.0001183 0.7155247 -0.0017720 0.6985852
1520531920.960292 15.6583080 -0.4167405 4.0371246 -0.0406108 0.7296407 0.0305121 0.6819416
1520531921.259941 15.9955940 -0.4143843 4.0370908 -0.0394011 0.7055999 -0.0392141 0.7064267
1520531921.508448 16.2590408 -0.4233781 4.0816517 -0.0485531 0.6687617 -0.0648478 0.7390502
1520531921.856715 16.6409416 -0.4625087 4.1242967 -0.0094937 0.6829745 -0.0599499 0.7279161
1520531922.106723 16.9127445 -0.4588899 4.1408658 -0.0003915 0.6771672 -0.0636772 0.7330687
1520531922.355663 17.1655922 -0.5108247 4.2092910 0.0109205 0.6143785 -0.1242160 0.7790958
1520531922.605671 17.4039955 -0.5038743 4.3021221 -0.0223878 0.5460753 -0.1715626 0.8196749
1520531922.855567 17.6161499 -0.5063639 4.4132423 -0.0285041 0.5008168 -0.1409694 0.8535206
1520531923.057316 17.7650471 -0.4983153 4.5214415 -0.0218117 0.4320885 -0.1214769 0.8933461
1520531923.257322 17.8836021 -0.5074010 4.6467762 0.0104301 0.3271227 -0.1556689 0.9320136
1520531923.407327 17.9382172 -0.5242124 4.7457433 0.0155601 0.2307960 -0.1865391 0.9548269
1520531923.558620 17.9873276 -0.5233545 4.8521514 0.0155567 0.1521697 -0.2027363 0.9672127
1520531923.907106 18.0515938 -0.5208464 5.1104774 0.0203881 0.0362449 -0.2186353 0.9749202
1520531924.257118 18.0574284 -0.4895144 5.3951502 0.0437899 -0.0868937 -0.2034787 0.9742323
1520531924.355544 18.0452557 -0.4816895 5.4706106 0.0416395 -0.1233071 -0.1966620 0.9717951
1520531924.555550 17.9923325 -0.4391832 5.6111240 0.0151104 -0.2110807 -0.1932353 0.9580589
1520531924.655554 17.9537697 -0.4117503 5.6799784 0.0096080 -0.2489379 -0.1809473 0.9514178
1520531924.754736 17.9023705 -0.3809795 5.7399988 0.0047281 -0.2822433 -0.1634878 0.9452978
1520531924.854740 17.8419609 -0.3592567 5.7918029 -0.0074357 -0.3231016 -0.1419150 0.9356337
1520531925.004744 17.7441254 -0.3286419 5.8515582 -0.0140520 -0.3814447 -0.1114426 0.9175419
1520531925.154574 17.6342220 -0.3012495 5.8974571 -0.0273626 -0.4444385 -0.0728533 0.8924225
1520531925.304578 17.5173054 -0.3039017 5.9297557 -0.0523939 -0.5176070 -0.0440344 0.8528769
1520531925.454585 17.4019089 -0.3546231 5.9572830 -0.0296704 -0.5778859 -0.0006111 0.8155779
1520531925.554892 17.3184128 -0.4111751 5.9746017 -0.0018388 -0.6062591 0.0384925 0.7943329
1520531925.704896 17.1942959 -0.4975066 6.0031056 0.0507914 -0.6354387 0.0993023 0.7640530
1520531925.854901 17.0676956 -0.5842314 6.0514832 0.0690678 -0.6460623 0.1234269 0.7500660
1520531925.954677 16.9897671 -0.6403217 6.1001139 0.0717063 -0.6374987 0.1130432 0.7587325
1520531926.104682 16.8869801 -0.7155728 6.1878796 0.0879077 -0.6089490 0.1178332 0.7794670
1520531926.204685 16.8297729 -0.7521782 6.2606201 0.1073251 -0.5812066 0.1255929 0.7968104
1520531926.304688 16.7729836 -0.7653184 6.3370733 0.1091513 -0.5507917 0.1284486 0.8174444
1520531926.404547 16.7205982 -0.7569613 6.4231453 0.0976166 -0.5194275 0.1205048 0.8403242
1520531926.554553 16.6405411 -0.7270427 6.5638647 0.0736386 -0.4624715 0.0923324 0.8787334
1520531926.905340 16.5206223 -0.5136474 6.8896790 -0.0204864 -0.2910157 0.0055593 0.9564828
1520531927.055345 16.5071716 -0.4148840 7.0188613 -0.0384770 -0.2027314 -0.0097469 0.9784297
1520531927.255408 16.5651531 -0.3076395 7.1740556 -0.0577504 -0.0650954 -0.0160397 0.9960775
1520531927.405413 16.6453667 -0.2485065 7.2761674 -0.1025729 0.0309535 -0.0262161 0.9938982
1520531927.555507 16.7412796 -0.2390017 7.3763876 -0.0981169 0.1151960 -0.0388557 0.9877213
1520531927.755514 16.8761654 -0.2975426 7.4885821 -0.0704432 0.2345156 -0.0450606 0.9685091
1520531927.905519 16.9795113 -0.3600859 7.5573249 -0.0339392 0.3256950 -0.0467683 0.9437075
1520531928.056097 17.0865231 -0.4414009 7.6033549 0.0267459 0.4102526 -0.0521747 0.9100854
1520531928.206102 17.1788006 -0.5267076 7.6200771 0.0963706 0.4926846 -0.0781997 0.8613127
1520531928.306105 17.2350979 -0.5764637 7.6129241 0.1287749 0.5334432 -0.0941770 0.8306540
1520531928.404696 17.2960682 -0.6089687 7.5961218 0.1384372 0.5770696 -0.0833360 0.8005505
1520531928.604702 17.4228249 -0.6104088 7.5516138 0.1525920 0.6481324 -0.0410043 0.7449555
1520531928.704718 17.4937496 -0.5829413 7.5184455 0.1570917 0.6895732 -0.0344060 0.7061355
1520531928.754707 17.5278282 -0.5664558 7.5018959 0.1563359 0.7094681 -0.0271268 0.6866427
1520531928.904781 17.6278934 -0.4891291 7.4365520 0.1351443 0.7775726 0.0073765 0.6140542
1520531929.054786 17.7134285 -0.3837180 7.3616600 0.1014522 0.8348377 0.0389155 0.5396658
1520531929.206790 17.7783394 -0.2889051 7.2828593 0.0826383 0.8801866 0.0658096 0.4627220
1520531929.356796 17.8135357 -0.2000110 7.1945415 0.0650377 0.9201970 0.0948780 0.3741735
1520531929.506799 17.8207245 -0.1123129 7.0841742 0.0211179 0.9548161 0.1146952 0.2733589
1520531929.656776 17.7999840 -0.0512935 6.9541602 -0.0414330 0.9766365 0.1188061 0.1742119
1520531929.906784 17.6949139 -0.0583693 6.7176847 -0.1414616 0.9848272 0.1001485 0.0086263
1520531930.107140 17.5444679 -0.1737811 6.5488405 0.2370856 -0.9620969 -0.0642202 0.1184733
1520531930.257145 17.4422188 -0.3028663 6.4552875 0.3300688 -0.9175767 -0.0389417 0.2181542
1520531930.357148 17.3845177 -0.3899360 6.4100957 0.3921935 -0.8788002 -0.0365225 0.2693709
1520531930.507130 17.3105965 -0.5068278 6.3663921 0.4639978 -0.8196676 -0.0659536 0.3293949
1520531930.607133 17.2610073 -0.5741050 6.3462434 0.4984946 -0.7793179 -0.1002864 0.3662097
1520531930.707136 17.2143230 -0.6287808 6.3339114 0.5209975 -0.7351878 -0.1320806 0.4130558
1520531930.855739 17.1465340 -0.6972275 6.3271627 0.5421789 -0.6567086 -0.1980978 0.4853176
1520531930.955742 17.1056557 -0.7299566 6.3321738 0.5382997 -0.6059893 -0.2664855 0.5215322
1520531931.055745 17.0650463 -0.7532952 6.3458276 0.5219917 -0.5430202 -0.3503481 0.5566956
1520531931.155748 17.0272865 -0.7713453 6.3627400 0.4848218 -0.4708111 -0.4288785 0.5994562
1520531931.305137 16.9741325 -0.7753749 6.3900704 0.3983836 -0.3643696 -0.5429424 0.6432254
1520531931.405141 16.9408836 -0.7641201 6.4123335 0.3302932 -0.2966323 -0.6145577 0.6521001
1520531931.555146 16.8922482 -0.7320023 6.4537044 0.2349721 -0.2165506 -0.6948910 0.6442208
1520531932.205798 16.6812782 -0.4552336 6.7869415 -0.1079378 -0.0672780 -0.7147214 0.6877473
1520531932.455813 16.6357460 -0.3402271 6.9400091 -0.2637037 -0.0184504 -0.5304251 0.8054622
1520531932.705821 16.5952549 -0.2632586 7.1098256 -0.3384611 0.0255137 -0.2487956 0.9071349
1520531932.957920 16.6123428 -0.2449050 7.3114967 -0.2221104 0.1101092 0.0977146 0.9638437
1520531933.358979 16.8561382 -0.4106426 7.5844345 0.1131687 0.2980023 0.4781797 0.8183714
1520531933.755940 17.2454834 -0.5474360 7.6142392 0.4181463 0.4419232 0.4971722 0.6186092
1520531934.055949 17.5032482 -0.5480554 7.4390841 0.5629960 0.5988026 0.3733964 0.4301698
1520531934.256685 17.6096001 -0.5240731 7.2807093 0.5977761 0.6740534 0.2715279 0.3385091
1520531934.456691 17.6657314 -0.4993074 7.1270537 0.5649689 0.7603065 0.1882956 0.2594014
1520531934.656082 17.6849327 -0.4461275 6.9720535 0.4711083 0.8575692 0.1216289 0.1668483
1520531934.856088 17.6620789 -0.3995193 6.8204823 0.3358161 0.9380721 0.0620523 0.0582913
1520531935.156263 17.5428734 -0.3994281 6.6585975 -0.1038780 -0.9940827 -0.0118528 0.0294729
1520531935.457639 17.4636822 -0.4713698 6.5159268 0.2355683 -0.9713401 0.0296565 0.0112496
1520531935.757064 17.5426407 -0.5455528 6.3221121 -0.4275605 0.8957731 -0.0371661 0.1157642
1520531936.057074 17.7253723 -0.5441765 6.0741310 -0.3995950 0.8826672 -0.0778463 0.2348671
1520531936.258875 17.8612442 -0.5484877 5.9080715 -0.2773492 0.9082759 -0.1344099 0.2829248
1520531936.458882 17.9747791 -0.5402071 5.7320542 -0.1230865 0.9477290 -0.1492728 0.2537267
1520531936.609039 18.0426559 -0.5344628 5.5910835 -0.0127495 0.9660931 -0.1366145 0.2187195
1520531936.759043 18.0939045 -0.5345704 5.4433112 0.0470176 0.9726964 -0.1173851 0.1946070
1520531937.007965 18.1703701 -0.5009654 5.1994944 0.0983272 0.9786095 -0.0998816 0.1505945
1520531937.157969 18.2058811 -0.4985283 5.0673046 0.0861160 0.9761700 -0.1360995 0.1454415
1520531937.506944 18.3054523 -0.4919695 4.7984471 0.0281647 0.9811372 -0.1067892 0.1586593
1520531937.656949 18.3894215 -0.4918260 4.6893110 0.0255122 0.9700319 -0.1183016 0.2106943
1520531938.007432 18.6588898 -0.5309910 4.5074353 0.0327679 0.9036833 -0.1603385 0.3956949
1520531938.458314 19.0142765 -0.5334051 4.3539505 -0.0028253 0.8201882 -0.1340107 0.5561694
1520531938.807181 19.2995396 -0.5297141 4.3768034 -0.0507477 0.6109638 -0.1687286 0.7718021
1520531939.105950 19.4597130 -0.5286460 4.5593586 -0.0430798 0.3428796 -0.1870907 0.9195515
1520531939.455460 19.5411339 -0.5174661 4.7918739 0.0048856 0.0939566 -0.1737198 0.9802907
1520531939.605464 19.5491848 -0.5024085 4.8942618 0.0114360 -0.0179107 -0.1484113 0.9886974
1520531939.855190 19.5337353 -0.4922945 5.0568657 0.0173895 -0.1605357 -0.0742682 0.9840783
1520531940.055260 19.4881878 -0.4925226 5.1895709 0.0190976 -0.2531357 -0.0366326 0.9665484
1520531940.155196 19.4598560 -0.4837352 5.2624612 0.0165696 -0.2799698 -0.0256901 0.9595220
1520531940.255071 19.4308605 -0.4790663 5.3406610 0.0208146 -0.2821981 -0.0064171 0.9591089
1520531940.405076 19.3895683 -0.4926265 5.4588699 0.0381220 -0.2666135 0.0207392 0.9628260
1520531940.505079 19.3639317 -0.5034053 5.5394001 0.0368967 -0.2497938 0.0382009 0.9668415
1520531940.605082 19.3375778 -0.5018175 5.6253557 0.0317315 -0.2335732 0.0597175 0.9699849
1520531940.755010 19.3015957 -0.4940252 5.7621622 0.0439886 -0.2103556 0.0793511 0.9734059
1520531940.855013 19.2772770 -0.4990804 5.8514590 0.0435103 -0.1911252 0.0837280 0.9770198
1520531941.005018 19.2412968 -0.5078726 5.9792128 0.0260605 -0.1767317 0.0866257 0.9800933
1520531941.155330 19.2043457 -0.4973254 6.1145282 0.0292740 -0.1584679 0.0830319 0.9834311
1520531941.255333 19.1848640 -0.4890673 6.2083397 0.0512327 -0.1330274 0.0777288 0.9867306
1520531941.405338 19.1576328 -0.4927452 6.3435259 0.0650763 -0.1053728 0.0533501 0.9908661
1520531941.555431 19.1366844 -0.4985971 6.4721851 0.0484834 -0.0862243 0.0261084 0.9947527
1520531941.705435 19.1111870 -0.4851996 6.6070127 0.0329510 -0.0923634 0.0285963 0.9947691
1520531941.855093 19.0849323 -0.4789676 6.7460408 0.0489431 -0.1008085 0.0286501 0.9932882
1520531942.005098 19.0582962 -0.4804618 6.8775740 0.0444871 -0.1172878 0.0316400 0.9915965
1520531942.155102 19.0354042 -0.4693197 7.0062985 0.0139623 -0.1125373 0.0287557 0.9931332
1520531942.354959 19.0215569 -0.4536152 7.1932621 0.0338668 -0.0951985 0.0182171 0.9947153
1520531942.504963 19.0104275 -0.4632063 7.3286428 0.0529628 -0.0930030 0.0224271 0.9940033
1520531942.704923 19.0013065 -0.4622242 7.5078993 0.0388631 -0.0705645 0.0213061 0.9965222
1520531942.854927 19.0000134 -0.4515721 7.6462936 0.0538708 -0.0732607 0.0331162 0.9953061
1520531943.054933 19.0142307 -0.4550567 7.8189969 0.0728387 -0.0140819 0.0402849 0.9964302
1520531943.255494 19.0641556 -0.4503918 7.9551754 0.0531547 0.1241256 0.0184147 0.9906707
1520531943.405499 19.1314125 -0.4437069 8.0158215 0.0429425 0.2696600 0.0028762 0.9619934
1520531943.556299 19.2100334 -0.4514037 8.0224190 0.0592195 0.4451884 0.0061966 0.8934551
1520531943.706304 19.2797775 -0.4676733 7.9588890 0.0607275 0.6183558 -0.0189514 0.7833194
1520531943.955510 19.3369675 -0.4963173 7.7429538 0.0539557 0.8218277 -0.0543295 0.5645673
1520531944.155516 19.3258686 -0.4987738 7.5404644 0.0378620 0.9106477 -0.0747912 0.4045902
1520531944.455554 19.2985382 -0.4608446 7.2355099 -0.0020872 0.9793056 -0.0526046 0.1954201
1520531944.605558 19.2745476 -0.4656828 7.0866356 -0.0184385 0.9906179 -0.0774771 0.1110572
1520531944.805459 19.2254009 -0.4957091 6.9061427 -0.0250827 0.9959651 -0.0860019 0.0053162
1520531944.955463 19.1961117 -0.5017070 6.7745371 0.0274453 -0.9932941 0.1106617 0.0191685
1520531945.155086 19.1769180 -0.5053625 6.6056495 -0.0573688 0.9909487 -0.1213566 0.0013566
1520531945.255089 19.1721840 -0.5144095 6.5223217 -0.0751804 0.9907106 -0.1115803 0.0197568
1520531945.405094 19.1755657 -0.5239773 6.4037666 -0.1069321 0.9890378 -0.0905465 0.0465966
1520531945.554977 19.1956463 -0.5281372 6.2853155 -0.1186354 0.9849731 -0.0961026 0.0807331
1520531945.704981 19.2390041 -0.5404189 6.1780581 -0.1163281 0.9758743 -0.1161982 0.1436497
1520531945.854986 19.2974033 -0.5502913 6.0820613 -0.1199075 0.9621220 -0.1153512 0.2159575
1520531945.955393 19.3501492 -0.5449533 6.0309668 -0.1226744 0.9486715 -0.1026710 0.2728225
1520531946.105397 19.4434719 -0.5178454 5.9594669 -0.1150078 0.9169012 -0.0956711 0.3700170
1520531946.656749 19.8233604 -0.5041658 5.8692198 -0.0737920 0.7383658 -0.0780067 0.6657969
1520531947.057389 20.1203327 -0.5501823 5.8643026 -0.0429135 0.6743934 -0.0975426 0.7306418
1520531947.408188 20.3956985 -0.5567149 5.9261279 -0.0214206 0.5708034 -0.1052366 0.8140332
1520531947.657906 20.5571423 -0.5786368 6.0348406 -0.0370707 0.4539260 -0.1138557 0.8829575
1520531947.957915 20.7053242 -0.6057863 6.2254825 0.0013915 0.2754610 -0.1533960 0.9489937
1520531948.206850 20.7153797 -0.6295986 6.3868914 0.0126502 0.0186135 -0.1658621 0.9858922
1520531948.455797 20.6642971 -0.5896087 6.4930677 -0.0005277 -0.3054699 -0.1547588 0.9395410
1520531948.755807 20.5472450 -0.5646527 6.4467974 -0.0185465 -0.6545975 -0.0832060 0.7511558
1520531949.005609 20.4444942 -0.5639126 6.2820702 -0.0610415 -0.8187534 0.0286463 0.5701722
1520531949.355465 20.3041039 -0.5750976 6.0558567 -0.1407759 -0.8563558 0.1426791 0.4758989
1520531949.805508 19.9978027 -0.6157448 5.9459887 -0.1580970 -0.6909483 0.1989077 0.6767803
1520531950.255452 19.7423611 -0.5840611 6.1014590 -0.0249184 -0.3945635 0.1030990 0.9127264
1520531950.555608 19.7428532 -0.5589949 6.2851095 0.0206265 -0.1136784 0.0105672 0.9932473
1520531951.005510 19.8516560 -0.5728631 6.3344007 0.0689863 0.2476974 -0.0728182 0.9636309
1520531951.405729 19.8475132 -0.5519028 6.1313462 0.0904462 0.5663164 -0.0614054 0.8169056
1520531951.856671 19.6810265 -0.4945433 5.7946014 0.0230895 0.7469752 -0.0274055 0.6638854
1520531952.157676 19.5653934 -0.4774385 5.5644002 0.0285755 0.8586459 0.0016393 0.5117696
1520531952.407684 19.5106392 -0.4930938 5.3855624 0.0081069 0.9109945 0.0043419 0.4123161
1520531952.606910 19.4950333 -0.5218002 5.2548804 0.0083048 0.9188144 -0.0263928 0.3937192
1520531952.856920 19.5247765 -0.5269619 5.1008902 0.0136449 0.8926475 -0.0063806 0.4505038
1520531953.106565 19.5745125 -0.5398379 4.9559035 -0.0074132 0.8501542 0.0015403 0.5264794
1520531953.706260 19.7893524 -0.5626433 4.6651158 -0.0052985 0.7901916 0.0170370 0.6126002
1520531953.906266 19.8849754 -0.5642821 4.5900874 0.0028079 0.7489768 0.0146280 0.6624288
1520531954.356599 20.1035252 -0.5885977 4.5024700 -0.0309379 0.6000974 0.0034684 0.7993211
1520531954.657206 20.3151302 -0.5893288 4.4490261 -0.0154703 0.5741208 -0.0263963 0.8181987
1520531955.058066 20.6776562 -0.5723512 4.4042516 -0.0046018 0.6454558 0.0013633 0.7637824
1520531955.508917 21.1047955 -0.5958638 4.4541144 0.0067542 0.6082571 0.0060521 0.7936883
1520531955.958675 21.5475025 -0.6235887 4.5257096 0.0057748 0.6483512 -0.0261104 0.7608717
1520531956.257845 21.8698807 -0.6373911 4.5904365 0.0347392 0.6419275 -0.0505249 0.7643097
1520531956.557799 22.1618805 -0.6488369 4.6970901 0.0304423 0.6380467 -0.0361273 0.7685469
1520531956.856795 22.4682007 -0.6504588 4.7746263 0.0089767 0.6727992 -0.0337331 0.7390012
1520531957.056287 22.6617432 -0.6615353 4.8086243 0.0262937 0.7026687 0.0111300 0.7109441
1520531957.206292 22.8281708 -0.6599444 4.8196917 0.0625305 0.7168000 0.0293894 0.6938472
1520531957.356297 22.9860363 -0.6765448 4.8171473 0.0743703 0.7435542 0.0205863 0.6642082
1520531957.556756 23.1770592 -0.6910615 4.7980404 0.0732979 0.7808779 0.0221687 0.6199724
1520531957.706761 23.3213005 -0.6843120 4.7582617 0.1012620 0.8165519 0.0178758 0.5680401
1520531957.907725 23.4803638 -0.7007242 4.6673317 0.0983851 0.8818119 0.0161341 0.4609425
1520531958.107731 23.6021328 -0.7066040 4.5469484 0.1020587 0.9287851 0.0442289 0.3535339
1520531958.456913 23.7937584 -0.6975496 4.3203425 0.1120073 0.9623088 0.0118438 0.2475392
1520531958.655947 23.8641930 -0.6991757 4.1735005 0.1017903 0.9796926 0.0074984 0.1725833
1520531959.105588 24.0085640 -0.7341329 3.8217430 -0.0066827 0.9889668 -0.0139888 0.1473231
1520531959.255594 24.0786152 -0.7310446 3.6990347 -0.0272369 0.9800468 -0.0158250 0.1962551
1520531959.505538 24.2489872 -0.7537872 3.5448866 -0.0608872 0.9306492 -0.0744973 0.3530371
1520531959.605465 24.3311005 -0.7621000 3.5107565 -0.0610318 0.8980799 -0.0715351 0.4296632
1520531959.755469 24.4590759 -0.7527705 3.4647045 -0.0595940 0.8448314 -0.0609046 0.5282034
1520531959.855550 24.5476875 -0.7559979 3.4379473 -0.0475650 0.8154206 -0.0635083 0.5734053
1520531960.005554 24.6770058 -0.7797564 3.4042597 -0.0047155 0.7835805 -0.0584998 0.6185121
1520531960.155559 24.7980042 -0.7965284 3.3597002 0.0153653 0.7824565 -0.0333195 0.6216235
1520531960.405584 25.0108223 -0.8116846 3.2585320 0.0999038 0.7918516 -0.0286585 0.6018048
1520531960.605591 25.1693764 -0.8506002 3.1505957 0.1394934 0.8308753 -0.0189220 0.5383584
1520531960.805615 25.3059750 -0.8598032 3.0157499 0.1441171 0.8795382 -0.0353028 0.4521025
1520531961.005621 25.4241409 -0.8634367 2.8561621 0.1248118 0.9268305 -0.0646111 0.3481849
1520531961.205812 25.5090656 -0.8711324 2.6847482 0.0818846 0.9701430 -0.0393102 0.2248824
1520531961.405818 25.5908585 -0.8580252 2.5065737 0.0729340 0.9842671 -0.0394678 0.1560171
1520531961.555646 25.6453629 -0.8622985 2.3695271 0.0577698 0.9899810 -0.0573485 0.1153745
1520531961.705650 25.6958046 -0.8708399 2.2462955 0.0483757 0.9933257 -0.0383809 0.0974196
1520531961.855655 25.7366638 -0.8604450 2.1093392 0.0311402 0.9961855 -0.0400544 0.0709968
1520531962.005485 25.7782707 -0.8640230 1.9703298 0.0286876 0.9964315 -0.0599623 0.0520191
1520531962.255493 25.8354797 -0.8824831 1.7485304 -0.0264638 0.9970816 -0.0465122 0.0544492
1520531962.455486 25.8941383 -0.8766522 1.5616257 -0.0595452 0.9927686 -0.0501330 0.0913861
1520531962.655492 25.9849873 -0.9000821 1.4000225 -0.0960055 0.9748662 -0.1007474 0.1739795
1520531962.856395 26.1118488 -0.9149924 1.2793818 -0.1274859 0.9461483 -0.1054485 0.2782650
1520531963.056402 26.2688961 -0.9264541 1.1971073 -0.1316738 0.9044009 -0.1324525 0.3836372
1520531963.256996 26.4399796 -0.9603868 1.1676359 -0.1173035 0.8426723 -0.1667338 0.4983405
1520531963.457002 26.6115055 -0.9660333 1.1903486 -0.0887213 0.7526272 -0.1652448 0.6311696
1520531963.606045 26.7165813 -0.9629257 1.2382355 -0.0642998 0.6627651 -0.1781335 0.7244835
1520531963.806052 26.8060169 -0.9581058 1.3466225 -0.0371587 0.5167851 -0.1417442 0.8434814
1520531964.055728 26.8493385 -0.9563847 1.5134926 -0.0044227 0.3347049 -0.1349803 0.9325950
1520531964.355841 26.8113766 -0.9648433 1.6855650 0.0323185 0.1055085 -0.1241573 0.9861078
1520531964.555823 26.7282982 -0.9571314 1.7483997 0.0448029 -0.0926914 -0.1116718 0.9883980
1520531964.705828 26.6530914 -0.9346850 1.7545137 0.0570935 -0.2381644 -0.1034769 0.9640076
1520531964.955845 26.5247993 -0.9010141 1.6913338 0.0404186 -0.4305266 -0.1031128 0.8957573
1520531965.205920 26.3827953 -0.8908683 1.5608845 0.0271692 -0.5683473 -0.0561228 0.8204227
1520531965.405926 26.2752457 -0.8933924 1.4508708 0.0010053 -0.6573607 -0.0074012 0.7535391
1520531965.555931 26.1869125 -0.8942473 1.3855170 -0.0111491 -0.6906445 0.0244856 0.7226938
1520531965.805968 26.0325298 -0.9055085 1.3226970 -0.0420159 -0.7194239 0.0748752 0.6892442
1520531965.955971 25.9375343 -0.9247923 1.3269540 -0.0438364 -0.6942212 0.0996111 0.7114865
1520531966.256037 25.7461929 -0.9089479 1.4449577 -0.0158192 -0.5446303 0.1157786 0.8304957
1520531966.555912 25.6681137 -0.8856707 1.6674709 -0.0105254 -0.3415349 0.0501064 0.9384734
1520531966.855807 25.6364307 -0.8507514 1.9079304 -0.0137286 -0.2451079 -0.0082171 0.9693638
1520531967.105815 25.6071053 -0.8599619 2.1059656 -0.0178882 -0.2022418 -0.0274671 0.9787870
1520531967.305720 25.5706081 -0.8401032 2.2777848 0.0028726 -0.1793641 -0.0251458 0.9834572
1520531967.605625 25.5169125 -0.8445939 2.5257263 -0.0199482 -0.1105828 -0.0384973 0.9929208
1520531967.805596 25.4637604 -0.8417869 2.6926064 0.0041268 -0.1276576 -0.0284972 0.9914003
1520531968.005602 25.3842182 -0.8401402 2.8323326 0.0293226 -0.1998893 -0.0468114 0.9782603
1520531968.305634 25.2303085 -0.8191895 3.0149651 0.0355988 -0.3430754 -0.0871518 0.9345782
1520531968.455945 25.1359768 -0.8115346 3.0996208 0.0608359 -0.3920704 -0.0979785 0.9126773
1520531968.655951 25.0037117 -0.8208389 3.1932774 0.0848675 -0.4645599 -0.1076598 0.8748664
1520531968.906062 24.8190155 -0.7998124 3.2708669 0.1071377 -0.5751613 -0.0869971 0.8063141
1520531969.156071 24.6393223 -0.8002460 3.2735939 0.1261022 -0.7020019 -0.0547315 0.6987818
1520531969.355883 24.4912968 -0.7849214 3.2410731 0.1358431 -0.7772745 -0.0395105 0.6130497
1520531969.655932 24.2782879 -0.7950158 3.1550717 0.1449557 -0.8500427 -0.0190191 0.5060171
1520531969.905940 24.1435089 -0.7750565 3.0459938 0.1344908 -0.9136757 -0.0082530 0.3834593
1520531970.256206 24.0489998 -0.7915424 2.8741851 0.0912412 -0.9834489 0.0294336 0.1537425
1520531970.706388 23.9379292 -0.7941756 2.5926824 0.0908929 -0.9934433 0.0431973 0.0542490
1520531971.056218 23.9049149 -0.7928612 2.3403323 -0.0463536 0.9968590 -0.0574369 0.0287150
1520531971.356012 23.9275913 -0.8085666 2.1220322 -0.0325235 0.9894596 -0.0423880 0.1345931
1520531971.755924 24.0480442 -0.8292129 1.8779306 -0.0706765 0.9452294 -0.1215772 0.2945596
1520531972.105874 24.1852398 -0.8169168 1.8633761 -0.0550351 0.7885001 -0.1258431 0.5995017
1520531972.606074 24.1201096 -0.7812638 2.0653591 -0.0599966 0.3519252 -0.0652629 0.9318208
1520531973.155905 23.9149361 -0.7706641 2.3863122 -0.0003229 0.0605204 0.0237109 0.9978852
1520531973.455846 23.8574619 -0.7850468 2.5967984 0.0173282 -0.0194926 0.0629369 0.9976767
1520531973.806003 23.8252792 -0.8049316 2.8682780 0.0628367 -0.0378290 0.0755621 0.9944400
1520531974.106062 23.8358784 -0.8219874 3.1112554 0.0539467 0.0108666 0.0523135 0.9971134
1520531974.406823 23.8651829 -0.7893147 3.3821630 0.0630143 0.0282862 0.0356536 0.9969744
1520531974.757844 23.8692169 -0.7862588 3.7009978 0.0470644 0.0016980 0.0259894 0.9985523
1520531975.107826 23.8952980 -0.7653530 4.0323639 0.0328126 0.0317405 0.0306780 0.9984862
1520531975.607845 24.1130695 -0.7476710 4.4597807 0.0584902 0.1550880 0.0718508 0.9835467
1520531975.959389 24.3840714 -0.7206895 4.6988640 0.0668384 0.2917016 0.0711150 0.9515175
1520531976.309060 24.7405281 -0.7480294 4.8172932 0.0538161 0.5085523 0.0437022 0.8582356
1520531976.657525 25.0979538 -0.7427756 4.8697844 0.0479237 0.5928545 0.0238729 0.8035279
1520531976.957535 25.3931541 -0.7515919 4.9066954 0.0368602 0.6203253 -0.0038273 0.7834688
1520531977.156882 25.5840454 -0.7652531 4.9327092 0.0332141 0.6344405 -0.0179446 0.7720492
1520531977.306885 25.6924419 -0.7935822 4.9678750 0.0350047 0.6089188 -0.0697196 0.7893870
1520531977.456904 25.7768421 -0.8066931 5.0089407 0.0391262 0.5615520 -0.0987123 0.8205999
1520531977.706911 25.8562565 -0.8148298 5.0548282 0.0617344 0.5384486 -0.0948050 0.8350294
1520531978.056985 25.8658886 -0.7921591 5.1092625 0.0608689 0.6476726 -0.0779213 0.7554757
1520531978.307228 25.7976036 -0.7517725 5.1388273 0.0315610 0.7553139 -0.0393389 0.6534198
1520531978.657241 25.6803360 -0.7271881 5.1614151 0.0206022 0.8466111 -0.0493533 0.5295179
1520531979.007247 25.5941048 -0.7018366 5.1849022 -0.0342729 0.9100718 -0.0395722 0.4111309
1520531979.506880 25.5727959 -0.7187797 5.2094035 0.0212343 0.9537011 -0.1163374 0.2765303
1520531979.956506 25.4883842 -0.7561562 5.2231288 0.0203383 0.9760229 -0.1209809 0.1798036
1520531980.406574 25.4092693 -0.7668077 5.2691493 0.0255860 0.9873403 -0.1086120 0.1127304
1520531980.706661 25.3996086 -0.7660198 5.3193789 0.0341991 0.9903162 -0.1055538 0.0834438
1520531981.406833 25.3715630 -0.7490109 5.4057436 -0.0025565 -0.9762517 0.0949716 0.1946961
1520531981.907258 25.3546505 -0.7492578 5.4298210 -0.0126459 -0.9698551 0.1218542 0.2106489
1520531982.357310 25.3409500 -0.7426054 5.4883590 -0.0040605 -0.9822168 0.1126808 0.1501229
1520531982.557316 25.3385468 -0.7409047 5.5808563 0.0130460 -0.9878448 0.1096390 0.1094155
1520531983.257158 25.3591385 -0.7472190 5.9690118 0.0506608 -0.9959958 0.0651440 0.0343844
1520531983.457165 25.3909779 -0.7396436 6.0694981 0.0323115 -0.9972677 0.0609091 0.0265191
1520531983.607227 25.3986263 -0.7387162 6.1405873 -0.0290662 0.9983158 -0.0500076 0.0044904
1520531983.757232 25.4028721 -0.7250967 6.2042842 -0.0425790 0.9966993 -0.0467766 0.0508877
1520531983.957238 25.3894138 -0.7060604 6.2847991 -0.0536543 0.9904990 -0.0569045 0.1131147
1520531984.157314 25.3690681 -0.6886147 6.3691773 -0.0656063 0.9851687 -0.0371187 0.1541452
1520531984.357320 25.3754730 -0.6842142 6.4667177 -0.0575451 0.9763352 -0.0290157 0.2064374
1520531984.557295 25.4142418 -0.6844329 6.5740633 -0.0605537 0.9581462 -0.0283243 0.2783649
1520531984.857060 25.4902706 -0.6946778 6.7428522 -0.0586099 0.9158994 -0.0112964 0.3969454
1520531985.057067 25.5597363 -0.7093738 6.8345480 -0.0362869 0.8623866 -0.0479281 0.5026684
1520531985.206557 25.6339951 -0.7267234 6.8783746 -0.0121272 0.8202449 -0.0799268 0.5662712
1520531985.306560 25.6961555 -0.7476082 6.9027491 0.0227926 0.7895101 -0.1070188 0.6039051
1520531985.406563 25.7584267 -0.7815232 6.9242158 0.0684099 0.7513821 -0.1405339 0.6410891
1520531985.506566 25.8162861 -0.8185396 6.9438562 0.1081665 0.7131287 -0.1641462 0.6729068
1520531985.656101 25.8937130 -0.8574667 6.9807382 0.1637949 0.6455340 -0.1788962 0.7241914
1520531985.706102 25.9184227 -0.8664446 6.9931335 0.1827425 0.6219392 -0.1797045 0.7399346
1520531985.806106 25.9689350 -0.8792915 7.0159426 0.2154436 0.5673823 -0.1782199 0.7745315
1520531985.956110 26.0448818 -0.8753567 7.0579863 0.2195425 0.4721642 -0.1581374 0.8389605
1520531986.205919 26.1663532 -0.8454857 7.1281891 0.1456679 0.3107318 -0.0740100 0.9363487
1520531986.606161 26.3724918 -0.7313507 7.1782508 -0.0543652 0.1024581 0.0451454 0.9922242
1520531986.756166 26.4823208 -0.6962938 7.1794491 -0.1318741 0.0677510 0.0133271 0.9888587
1520531986.956484 26.6273670 -0.6774113 7.2034912 -0.2024381 0.0530952 -0.0869068 0.9739851
1520531987.156490 26.7452202 -0.7030149 7.2727098 -0.1621276 0.0605753 -0.1826230 0.9678296
1520531987.506685 26.7862530 -0.8393803 7.3891616 0.0521372 0.0074990 -0.2690716 0.9616786
1520531987.656468 26.7300510 -0.8881559 7.3901772 0.1585181 -0.0791125 -0.2456013 0.9530443
1520531988.206452 26.4112167 -0.7683089 7.1302824 0.0891530 -0.4220077 -0.1191746 0.8942924
1520531988.356457 26.3079205 -0.7318980 7.0216026 0.0585875 -0.4787986 -0.0799621 0.8723103
1520531988.556514 26.1744881 -0.7006333 6.8803930 0.0224502 -0.5333534 -0.0372255 0.8447746
1520531988.756520 26.0398006 -0.6857818 6.7625389 -0.0155634 -0.5874161 0.0040429 0.8091254
1520531988.956504 25.8873768 -0.6999977 6.6841774 -0.0171915 -0.6133804 0.0584647 0.7874331
1520531989.106509 25.7699890 -0.7408228 6.6540852 -0.0039798 -0.6092794 0.1115483 0.7850604
1520531989.256513 25.6538391 -0.7810521 6.6456642 0.0086132 -0.6014451 0.1524861 0.7841796
1520531989.406424 25.5280151 -0.8059111 6.6523790 0.0237799 -0.5888222 0.1753694 0.7886497
1520531989.606430 25.3543510 -0.8509665 6.6897097 0.0714714 -0.5394460 0.2147560 0.8110300
1520531989.756253 25.2400360 -0.8729715 6.7524004 0.0768917 -0.4903880 0.2214275 0.8393908
1520531989.956259 25.1127319 -0.8747511 6.8633795 0.0820888 -0.4270184 0.2408173 0.8677119
1520531990.106456 25.0349960 -0.8575134 6.9681158 0.0910548 -0.3678675 0.2334721 0.8954738
1520531990.306462 24.9672070 -0.8294964 7.1223869 0.0958286 -0.2720125 0.1989312 0.9366176
1520531990.556741 24.9656372 -0.7743073 7.3121076 0.0905320 -0.1124358 0.1380486 0.9798494
1520531990.856750 25.0937519 -0.7471549 7.4603534 0.0696418 0.0702131 0.0444337 0.9941056
1520531991.256424 25.3410454 -0.8936400 7.4041252 0.1559534 0.1415488 -0.0392401 0.9767818
1520531991.456347 25.4455891 -0.9473367 7.3024268 0.1512451 0.1450726 -0.0699365 0.9752885
1520531992.606511 25.9242764 -0.8086382 6.8321953 -0.0001323 0.6704023 -0.0775435 0.7379348
1520531992.906521 26.0787468 -0.8816254 6.8359985 -0.0782360 0.7049943 -0.2397212 0.6628695
1520531993.106354 26.1875687 -0.9295216 6.8726492 -0.0897735 0.6554820 -0.3457428 0.6653916
1520531993.306360 26.2976971 -0.9488306 6.9248562 -0.1086492 0.5760708 -0.4052468 0.7015076
1520531993.456227 26.3661938 -0.9343824 6.9908590 -0.1183134 0.4746988 -0.4333357 0.7568906
1520531993.706228 26.4307899 -0.8511400 7.1272025 -0.1280399 0.2945489 -0.4028985 0.8570412
1520531993.956587 26.4079018 -0.7611895 7.2558408 -0.0642300 0.0590024 -0.3517237 0.9320320
1520531994.256711 26.2563114 -0.6408587 7.2738209 -0.0634204 -0.2793113 -0.2495583 0.9250318
1520531994.556720 26.0845490 -0.5680122 7.1158490 -0.0634540 -0.5771425 -0.1544941 0.7993821
1520531994.806855 25.9779472 -0.5762835 6.9088793 -0.0797665 -0.7273079 -0.0702943 0.6780260
1520531995.157236 25.8430557 -0.5893320 6.6336470 -0.0607272 -0.8188555 -0.0056759 0.5707500
1520531995.607441 25.6836548 -0.5671824 6.4145460 -0.0458137 -0.8906301 -0.0076260 0.4523503
1520531995.958045 25.5538235 -0.5713628 6.2653198 -0.0190170 -0.9435185 0.0026936 0.3307628
1520531996.158051 25.4956093 -0.5679209 6.1639452 -0.0044741 -0.9687054 0.0077753 0.2480516
1520531996.458510 25.4133701 -0.5746512 5.9902349 -0.0004293 -0.9858227 0.0175466 0.1668700
1520531996.708198 25.3528156 -0.5834849 5.8327494 -0.0001486 -0.9967590 -0.0051344 0.0802823
1520531997.057898 25.3333035 -0.6148010 5.5551996 -0.0088588 0.9970720 -0.0239991 0.0720638
1520531998.107589 25.9588165 -0.6767334 5.0052576 -0.0148676 0.8291149 -0.0298989 0.5580801
1520531998.358728 26.1869392 -0.6979322 4.9931631 0.0018913 0.7453845 -0.0607017 0.6638626
1520531998.658737 26.4644432 -0.7122235 4.9876490 -0.0140394 0.7062861 -0.0365464 0.7068431
1520531998.959767 26.7592239 -0.7227314 4.9905100 0.0314208 0.6697610 -0.0422133 0.7407098
1520531999.360101 27.1454754 -0.7436154 5.0463166 0.0029136 0.6192233 -0.0291957 0.7846667
1520531999.709528 27.5073910 -0.7502226 5.1058669 0.0191841 0.6353758 -0.0269633 0.7714937
1520532000.058647 27.8635349 -0.7457214 5.1607733 0.0188487 0.6498584 -0.0044084 0.7598089
1520532000.408006 28.2109070 -0.7807215 5.2367778 0.0363739 0.6279262 0.0058773 0.7774003
1520532000.708015 28.5350380 -0.7700734 5.2730966 0.0194606 0.6628159 -0.0057250 0.7485075
1520532000.957959 28.7969131 -0.7902530 5.2559137 0.0044580 0.7104822 -0.0000639 0.7037011
1520532001.159337 29.0185776 -0.7698878 5.2364511 0.0197151 0.7199479 0.0077768 0.6937045
1520532001.409345 29.2777901 -0.8010173 5.2159705 -0.0124868 0.7088603 0.0214508 0.7049121
1520532001.710563 29.6042480 -0.7986318 5.1846871 -0.0340830 0.7169562 -0.0201345 0.6959934
1520532001.910570 29.8128738 -0.8287433 5.1694508 -0.0458109 0.7266853 -0.0096280 0.6853737
1520532002.110122 30.0263577 -0.8412222 5.1463418 -0.0320229 0.7172013 -0.0461265 0.6946000
1520532002.260127 30.1893864 -0.8479621 5.1391711 -0.0290830 0.6856709 -0.0807242 0.7228369
1520532002.509642 30.4232845 -0.8784708 5.1841717 -0.0495983 0.6013525 -0.1104329 0.7897592
1520532002.659647 30.5649319 -0.8638904 5.2293277 -0.0579360 0.5487670 -0.1463273 0.8210278
1520532002.858614 30.7368813 -0.8617380 5.3145161 -0.0647637 0.4932981 -0.1595854 0.8526400
1520532003.008618 30.8390732 -0.8626652 5.3947468 -0.0689013 0.4360660 -0.1593612 0.8830081
1520532003.257732 30.9869728 -0.8342681 5.5599003 -0.0632573 0.3113368 -0.1614670 0.9343428
1520532003.457738 31.0588703 -0.8420477 5.7085438 -0.0476606 0.2030371 -0.1392947 0.9680400
1520532003.607365 31.0989952 -0.8459673 5.8243809 -0.0343589 0.1300554 -0.1365875 0.9814525
1520532003.757370 31.1305237 -0.8263912 5.9471502 -0.0341516 0.0782115 -0.1264923 0.9882897
1520532003.957376 31.1636429 -0.8302836 6.1181617 -0.0236126 0.0619271 -0.1063591 0.9921166
1520532004.107078 31.1774368 -0.8434091 6.2429447 -0.0159315 0.0329522 -0.0923321 0.9950554
1520532004.257083 31.1793518 -0.8263474 6.3752265 -0.0154566 -0.0032864 -0.0827084 0.9964486
1520532004.456877 31.1716137 -0.8187058 6.5493522 -0.0252752 -0.0656548 -0.0597698 0.9957300
1520532004.656883 31.1338234 -0.8446147 6.7139859 -0.0205307 -0.1316761 -0.0366303 0.9904029
1520532004.806887 31.0978546 -0.8427165 6.8445082 -0.0036409 -0.1606509 -0.0309443 0.9865195
1520532004.957042 31.0601768 -0.8441554 6.9827418 0.0183974 -0.1708092 -0.0277955 0.9847401
1520532005.107046 31.0166149 -0.8603612 7.1112967 0.0141758 -0.1680371 -0.0213340 0.9854479
1520532005.257415 30.9696140 -0.8685184 7.2404194 0.0164335 -0.1641570 -0.0083039 0.9862624
1520532005.457422 30.9104996 -0.8732215 7.4306164 0.0654278 -0.1591446 0.0105742 0.9850282
1520532005.707268 30.8547401 -0.9135599 7.6551504 0.0933473 -0.1487034 0.0146509 0.9843572
1520532005.907275 30.8324623 -0.9383667 7.7992873 0.1059777 -0.1537824 0.0143042 0.9823010
1520532006.057006 30.8404102 -0.9428328 7.8814249 0.1267205 -0.1424722 0.0115200 0.9815860
1520532006.257011 30.8929195 -0.9388697 7.9353800 0.1103759 -0.0587489 0.0302444 0.9916911
1520532006.456837 30.9795990 -0.9406529 7.9074192 0.0953390 0.1023633 0.0181615 0.9900013
1520532006.656843 31.0706215 -0.9449372 7.8092051 0.0938617 0.2882879 0.0061506 0.9529126
1520532006.856849 31.1525421 -0.9506726 7.6732607 0.0962589 0.4420571 -0.0164012 0.8916561
1520532007.056875 31.2303181 -0.9658933 7.5360126 0.1109629 0.5611966 -0.0489709 0.8187476
1520532007.306908 31.3520527 -0.9686818 7.3931746 0.0931176 0.6571178 -0.0879638 0.7428241
1520532007.556916 31.5257263 -0.9715328 7.2952476 0.0587955 0.6907347 -0.1545477 0.7039486
1520532007.806834 31.7104130 -0.9882083 7.2424908 0.0238473 0.7031254 -0.1919606 0.6842493
1520532008.106729 31.9504852 -0.9808879 7.2142510 0.0381181 0.6767343 -0.2021116 0.7069149
1520532008.356737 32.1487923 -1.0063744 7.2287254 0.0649524 0.6371826 -0.1811080 0.7463105
1520532008.606684 32.3520088 -0.9958992 7.2673578 0.0676162 0.5955327 -0.1834446 0.7791771
1520532008.856692 32.5297775 -1.0083952 7.3521762 0.0724154 0.5148432 -0.1756854 0.8359587
1520532009.106812 32.6471710 -1.0157995 7.4653559 0.1104724 0.3726530 -0.1766712 0.9042748
1520532009.357022 32.6803398 -1.0198536 7.5919032 0.1484845 0.1698522 -0.1707782 0.9591336
1520532009.557028 32.6340294 -1.0215874 7.6725435 0.1618150 -0.0109106 -0.1523348 0.9749314
1520532009.857095 32.4931068 -1.0181221 7.7210817 0.2140589 -0.2534256 -0.1018019 0.9378648
1520532010.107103 32.3522072 -0.9991860 7.6669397 0.2134134 -0.4919379 -0.0428631 0.8429797
1520532010.456979 32.2182007 -0.9572115 7.4847336 0.1648999 -0.7393622 0.0294934 0.6521363
1520532010.756887 32.1053696 -0.9349785 7.3159556 0.0970709 -0.8315167 0.0833815 0.5405598
1520532011.256999 31.8157463 -0.9218693 7.0890751 0.0584214 -0.8903100 0.0969217 0.4410683
1520532011.457080 31.6871338 -0.9275830 6.9857950 0.0594016 -0.9293689 0.0710438 0.3573484
1520532011.607085 31.6043701 -0.9330795 6.8893070 0.0717011 -0.9519456 0.0695291 0.2895244
1520532011.707088 31.5497265 -0.9206355 6.8203192 0.0812923 -0.9632238 0.0641753 0.2479378
1520532011.857767 31.4772015 -0.9060533 6.7013235 0.0837738 -0.9736670 0.0623374 0.2026540
1520532011.957770 31.4348164 -0.9136310 6.6224194 0.0698095 -0.9796475 0.0772048 0.1716307
1520532012.057773 31.4053421 -0.9250591 6.5446100 0.0608935 -0.9839746 0.0829391 0.1456272
1520532012.157776 31.3791275 -0.9251925 6.4672766 0.0478305 -0.9888061 0.0859939 0.1121602
1520532012.258094 31.3536282 -0.9339997 6.3938751 0.0387881 -0.9927183 0.0882573 0.0722264
1520532012.408099 31.3148804 -0.9177097 6.2750235 0.0071292 -0.9941471 0.1047429 0.0254897
1520532012.607728 31.2690735 -0.9384935 6.1243887 -0.0470119 -0.9928886 0.1088777 0.0103850
1520532012.857735 31.1952496 -0.9285181 5.9251595 -0.1155444 -0.9858493 0.0877971 0.0839182
1520532013.007923 31.1143417 -0.9264024 5.8100672 -0.1539183 -0.9644819 0.1010822 0.1893842
1520532013.207929 30.9535923 -0.9304680 5.6972570 -0.1481291 -0.9113231 0.1220168 0.3642253
1520532013.357934 30.8095360 -0.9211637 5.6469007 -0.1538701 -0.8517191 0.1331293 0.4828822
1520532013.609793 30.5727997 -0.9021332 5.5956535 -0.1150420 -0.7528865 0.1682999 0.6257813
1520532013.959947 30.2868729 -0.8986754 5.5457211 0.0219503 -0.7247963 0.1165764 0.6786740
1520532014.359239 30.0192890 -0.9326825 5.3441763 0.1603095 -0.8156587 0.0723829 0.5511466
1520532014.609247 29.9165668 -0.9148026 5.1525850 0.1785348 -0.9103989 0.0770917 0.3651792
1520532014.757929 29.8839931 -0.9110413 5.0420198 0.1400410 -0.9541857 0.0798481 0.2520763
1520532014.957931 29.8775883 -0.9076264 4.9088187 0.0883727 -0.9893678 0.0624188 0.0971882
1520532015.107454 29.8796749 -0.8922397 4.8054204 0.0582530 -0.9969899 0.0492591 0.0138339
1520532015.257459 29.8720245 -0.8934516 4.6921148 -0.0356892 0.9980811 -0.0477108 0.0168544
1520532015.407464 29.8623333 -0.8988417 4.5817003 -0.0086891 0.9977210 -0.0573956 0.0343990
1520532015.557271 29.8530178 -0.9087956 4.4708767 0.0194835 0.9968798 -0.0599343 0.0475307
1520532015.657274 29.8476276 -0.9061744 4.3933153 0.0356718 0.9951080 -0.0685890 0.0615058
1520532015.807279 29.8430786 -0.9075845 4.2677660 0.0443527 0.9925702 -0.0814985 0.0787111
1520532015.957009 29.8371506 -0.9243852 4.1481419 0.0514610 0.9911645 -0.0780454 0.0940943
1520532016.107014 29.8502941 -0.9319842 4.0256081 0.0440244 0.9908118 -0.0768326 0.1022284
1520532016.257018 29.8546467 -0.9262249 3.8963118 0.0276843 0.9921079 -0.0757734 0.0959897
1520532016.407006 29.8663540 -0.9361835 3.7719727 0.0361136 0.9911809 -0.0896159 0.0906937
1520532016.556947 29.8753319 -0.9713970 3.6583958 0.0537409 0.9913940 -0.0907223 0.0775844
1520532016.707152 29.8724117 -0.9902406 3.5441992 0.0571057 0.9929364 -0.0817748 0.0642590
1520532016.857157 29.8555298 -0.9992193 3.4267588 0.0529595 0.9937297 -0.0898787 0.0402319
1520532017.057163 29.8273296 -1.0226099 3.2885170 0.0495568 0.9920900 -0.1123165 0.0262048
1520532017.257463 29.7994099 -1.0306777 3.1750243 0.0342699 0.9937300 -0.0982803 0.0408337
1520532017.457470 29.7523079 -1.0177402 3.0842738 0.0126107 0.9910976 -0.1051743 0.0806540
1520532017.707329 29.6836586 -1.0177289 3.0330644 -0.0101989 0.9765975 -0.0993077 0.1905028
1520532017.907269 29.6163349 -1.0150044 3.0323734 -0.0027498 0.9496270 -0.0998840 0.2970258
1520532018.307333 29.3968544 -0.9952406 3.1263704 0.0125572 0.8609189 -0.0900362 0.5005543
1520532018.507339 29.2574692 -0.9889042 3.1875734 0.0478289 0.8054448 -0.0810788 0.5851474
1520532018.707346 29.1128044 -0.9716583 3.2396357 0.0259452 0.7448464 -0.0584080 0.6641681
1520532018.957170 28.9421883 -0.9539543 3.2725525 0.0130931 0.6548323 -0.0236022 0.7552922
1520532019.257225 28.7386684 -0.9397928 3.2704363 0.0124455 0.5056719 -0.0286814 0.8621593
1520532019.507233 28.5548058 -0.9176567 3.2840872 -0.0360063 0.3430466 -0.0034684 0.9386217
1520532019.707453 28.4306431 -0.9216127 3.2960806 -0.0240043 0.2132364 -0.0059939 0.9766874
1520532020.657536 28.7762527 -1.0952864 3.4669294 0.1835922 0.4531030 0.0729005 0.8692968
1520532021.007225 29.0644779 -1.0478284 3.4123018 0.1076394 0.6895009 0.0247647 0.7158135
1520532021.357229 29.3296776 -1.0308461 3.3198404 0.0868161 0.7940408 -0.0206734 0.6012777
1520532021.607251 29.4992390 -1.0245465 3.2333460 0.0524116 0.8495394 -0.0441876 0.5230520
1520532021.857259 29.6475563 -1.0216856 3.1220398 0.0310803 0.9099342 -0.0435475 0.4112877
1520532022.107497 29.7095242 -1.0475118 2.9778147 0.0062161 0.9750138 -0.0452111 0.2174065
1520532022.357506 29.7098694 -1.0846153 2.8613832 -0.0029854 0.9926494 -0.0999576 0.0681686
1520532022.707406 29.6162395 -1.1270325 2.8401346 0.0319524 -0.9706637 0.0988968 0.2168193
1520532023.007310 29.5271873 -1.1432796 3.0136366 0.0464376 -0.8607673 0.0888204 0.4990334
1520532023.307264 29.4914265 -1.1404929 3.2747324 0.0911332 -0.6815884 0.0730138 0.7223579
1520532023.607274 29.5211639 -1.1100140 3.5557899 0.1139938 -0.5006302 0.0366661 0.8573390
1520532023.857139 29.5741653 -1.0882874 3.7368107 0.1045897 -0.4222142 0.0100247 0.9003865
1520532024.157369 29.6370735 -1.0656304 3.8861437 0.0549436 -0.3815180 -0.0097208 0.9226758
1520532024.357375 29.6990547 -1.0401933 3.9884796 0.0169633 -0.3669971 -0.0176781 0.9298995
1520532024.608039 29.7812691 -1.0194807 4.1506329 0.0419108 -0.3072705 -0.0160403 0.9505636
1520532025.008851 29.8531857 -0.9755031 4.4672527 0.0525191 -0.1201834 -0.0061760 0.9913424
1520532025.509268 29.8301086 -0.9480109 4.8800936 0.0830978 -0.0707059 -0.0880842 0.9901196
1520532025.809607 29.6607914 -0.9440088 5.0853767 0.1234847 -0.2776116 -0.1393774 0.9424741
1520532026.158553 29.3489380 -0.9107336 5.2232962 0.1557027 -0.5095952 -0.1479458 0.8331755
1520532026.358555 29.1436901 -0.9040809 5.2664566 0.1498518 -0.5839023 -0.1198578 0.7888198
1520532026.558170 28.9426460 -0.8812448 5.2911496 0.1175621 -0.6463113 -0.0755233 0.7501714
1520532026.708175 28.7936707 -0.8627028 5.2989783 0.1002076 -0.7010694 -0.0303319 0.7053652
1520532026.858179 28.6505833 -0.8620253 5.2902899 0.0670816 -0.7400846 0.0009327 0.6691591
1520532027.008967 28.5052338 -0.8528028 5.2611227 0.0475438 -0.7742781 0.0157466 0.6308605
1520532027.208974 28.2957325 -0.8257880 5.2269855 0.0474630 -0.7783984 0.0543070 0.6236137
1520532027.360479 28.1383228 -0.8403873 5.2105780 0.0574993 -0.7652953 0.0870130 0.6351736
1520532027.560484 27.9287472 -0.8412681 5.2029696 0.0433214 -0.7468316 0.0966777 0.6565206
1520532027.760488 27.7079334 -0.8127561 5.1819229 0.0457745 -0.7543710 0.0857453 0.6492125
1520532028.010494 27.4438362 -0.8121853 5.1357737 0.0424042 -0.7675313 0.0764354 0.6350239
1520532028.209743 27.2255478 -0.7876329 5.0982351 0.0677901 -0.7794382 0.0755855 0.6181970
1520532028.459750 26.9523087 -0.7986970 5.0687485 0.0589920 -0.7494428 0.0678601 0.6559349
1520532028.658832 26.7258434 -0.7859941 5.0621066 0.0491359 -0.7209135 0.0735722 0.6873547
1520532028.908840 26.4467373 -0.7907043 5.0218043 0.0264965 -0.7432483 0.0837356 0.6632257
1520532029.158167 26.1834049 -0.7819614 4.9685912 0.0392413 -0.7613822 0.0862355 0.6413428
1520532029.358179 25.9580708 -0.7687793 4.9369664 0.0307752 -0.7508720 0.0962218 0.6526757
1520532029.558185 25.7414360 -0.7735519 4.9291296 0.0052267 -0.7262688 0.0777699 0.6829774
1520532029.708189 25.5725174 -0.7542648 4.9223042 0.0033150 -0.7197533 0.0793170 0.6896760
1520532029.909330 25.3492966 -0.7489495 4.9019346 -0.0017071 -0.7408355 0.0618107 0.6688343
1520532030.159337 25.0833130 -0.7331377 4.8627334 0.0001739 -0.7668560 0.0466606 0.6401209
1520532030.410911 24.7880230 -0.7303593 4.8377266 0.0003954 -0.7438252 0.0663658 0.6650711
1520532030.660754 24.5044575 -0.7317805 4.8238506 0.0108808 -0.7207195 0.0819663 0.6882779
1520532031.059539 24.0747852 -0.7094477 4.7727823 -0.0280755 -0.7628258 0.0348590 0.6450531
1520532031.209543 23.9156342 -0.6833804 4.7485738 -0.0121974 -0.7758362 0.0227786 0.6304050
1520532031.408708 23.6928711 -0.6730658 4.7328858 -0.0118614 -0.7677383 0.0166048 0.6404386
1520532031.558712 23.5264206 -0.6866825 4.7241631 -0.0126144 -0.7494808 0.0096056 0.6618361
1520532031.758718 23.2962856 -0.6688963 4.7134461 -0.0118338 -0.7378697 0.0322264 0.6740695
1520532031.908709 23.1263485 -0.6686648 4.6935892 -0.0033859 -0.7489821 0.0343002 0.6616931
1520532032.058714 22.9661255 -0.6825570 4.6720781 -0.0170523 -0.7569405 0.0313164 0.6525103
1520532032.209755 22.8025055 -0.6669012 4.6464314 0.0016111 -0.7640288 0.0339438 0.6442867
1520532032.359759 22.6311340 -0.6540954 4.6215501 0.0198164 -0.7634651 0.0459150 0.6439101
1520532032.559765 22.4116364 -0.6733321 4.5954361 0.0147744 -0.7483728 0.0317762 0.6623520
1520532032.811182 22.1220722 -0.6550071 4.5622382 0.0110762 -0.7446709 0.0583688 0.6647824
1520532033.110989 21.8075256 -0.6588851 4.5028143 -0.0165667 -0.7733403 0.0328748 0.6329215
1520532033.360996 21.5332088 -0.6274421 4.4561272 0.0176530 -0.7792528 0.0415313 0.6250830
1520532033.610027 21.2630711 -0.6447873 4.4209309 0.0027964 -0.7615483 0.0324798 0.6472878
1520532033.859025 20.9869080 -0.6153662 4.3937550 0.0131052 -0.7624894 0.0495386 0.6449684
1520532034.059030 20.7759628 -0.6234753 4.3568292 0.0144407 -0.7812541 0.0495767 0.6220737
1520532034.258655 20.5757046 -0.6024246 4.3080568 0.0011624 -0.7959188 0.0247939 0.6048942
1520532034.408659 20.4127407 -0.5835866 4.2676692 0.0096119 -0.7962183 0.0392068 0.6036612
1520532034.558664 20.2491360 -0.5939943 4.2330875 -0.0123421 -0.7804666 0.0522227 0.6228905
1520532034.658667 20.1397514 -0.5983230 4.2147803 -0.0197562 -0.7650725 0.0573099 0.6410846
1520532034.859709 19.9231148 -0.5855753 4.1753874 -0.0364632 -0.7585261 0.1036945 0.6423053
1520532035.009714 19.7637444 -0.5775044 4.1489677 -0.0558836 -0.7636448 0.0948757 0.6361778
1520532035.161958 19.6086845 -0.5793120 4.1248240 -0.0933328 -0.7595276 0.0778160 0.6390240
1520532035.411966 19.3284264 -0.5514122 4.1031857 -0.0768180 -0.7190523 0.1137013 0.6812744
1520532035.712276 19.0109329 -0.5483592 4.1431980 -0.1051658 -0.6236172 0.1246630 0.7645267
1520532035.911274 18.8091488 -0.5329227 4.2029634 -0.1163191 -0.5579688 0.1807003 0.8015536
1520532036.211284 18.5368690 -0.5197449 4.3400788 -0.1386335 -0.4769293 0.1897170 0.8469515
1520532036.510659 18.3080750 -0.4702315 4.5413728 -0.1360838 -0.3601685 0.2058678 0.8996544
1520532036.761312 18.1850891 -0.4310136 4.7646523 -0.1448706 -0.2253816 0.1602196 0.9500238
1520532037.011320 18.1247540 -0.3578782 5.0101862 -0.1218143 -0.1113108 0.1222416 0.9786870
1520532037.759239 18.2061996 -0.4730220 5.7534757 0.0290259 0.1048952 -0.1790601 0.9777996
1520532038.258784 18.1428013 -0.5091143 6.2419906 0.0276058 -0.0842339 -0.4351350 0.8959912
1520532038.759299 17.9025974 -0.2648106 6.6248169 -0.1057602 -0.3191225 -0.3004848 0.8925719
1520532039.459298 17.4856987 -0.3604264 7.1203890 -0.2593057 -0.3590929 0.2794297 0.8518988
1520532040.058015 17.1844978 -0.5741625 7.5725889 0.1367081 -0.4068443 0.1439579 0.8916641
1520532043.110831 17.8266869 -0.5035787 6.5995765 0.3259117 0.7708600 0.1140162 0.5353098
1520532044.010032 17.9372406 -1.0751812 6.1181479 0.6108358 0.6067706 -0.4852386 0.1524881
1520532044.557549 17.6826744 -1.0792360 6.1348805 -0.4273458 -0.4051480 0.8024807 0.0962056
1520532044.957366 17.5287857 -0.9791603 6.3043823 -0.2157470 -0.2621944 0.9055246 0.2544261
1520532045.407691 17.5039024 -0.8273497 6.5418396 -0.0730761 -0.1238489 0.9288652 0.3413661
1520532046.059411 17.6043892 -0.3734989 6.9354067 -0.1181102 0.2140772 0.8492737 0.4679267
1520532046.764555 17.6983929 -0.1400149 7.2915201 -0.0808310 0.3127397 -0.0033209 0.9463875
1520532047.215494 17.5741310 -0.2768860 7.6446762 0.2369764 -0.1560148 -0.4640952 0.8391170
1520532047.758714 16.9909382 -0.4106007 7.6713634 0.6124581 -0.5291265 -0.3542978 0.4683945
1520532048.308906 16.7018623 -0.5159922 7.2751961 0.8207115 -0.5531773 0.0805505 0.1180648
1520532048.908276 16.7820320 -0.5380273 6.8275652 -0.7061552 0.5360881 -0.4431370 0.1326046
1520532049.507904 17.1001415 -0.5102533 6.6238165 -0.2779167 0.4827556 -0.7233201 0.4080656
1520532049.857796 17.2775822 -0.5570097 6.6038160 0.1013063 0.5788370 -0.6628047 0.4640847
1520532050.207575 17.4085617 -0.6776109 6.4477625 0.4244483 0.6638573 -0.4604977 0.4087530
1520532050.557585 17.5359859 -0.7155956 6.1538510 0.5826909 0.6917875 -0.2597500 0.3382770
1520532052.509449 17.8463230 -0.5970938 4.5946198 -0.5902582 -0.7150879 0.2459732 0.2823859
1520532052.709323 17.6928749 -0.5871174 4.4883614 -0.5907530 -0.6740240 0.3060264 0.3210146
1520532053.009334 17.4560642 -0.5734354 4.3715882 -0.5727551 -0.6396640 0.3337944 0.3890538
1520532053.260407 17.2386665 -0.5687841 4.2889547 -0.5036641 -0.6130987 0.3589018 0.4915507
1520532053.460413 17.0648270 -0.5791856 4.2543235 -0.4942040 -0.5786539 0.4006944 0.5102609
1520532053.713655 16.8207283 -0.5718950 4.1940060 -0.5339148 -0.5387640 0.4385786 0.4819930
1520532053.914891 16.6227360 -0.5818758 4.1425457 -0.5799560 -0.4949421 0.4456138 0.4691607
1520532054.214900 16.3258247 -0.5707806 4.0636034 -0.6120898 -0.4430925 0.4952359 0.4286681
1520532054.463646 16.0753899 -0.5891456 4.0200701 -0.6404912 -0.4062861 0.5165510 0.3973383
1520532054.761820 15.7657223 -0.5572670 3.9646378 -0.6681473 -0.3722687 0.5157880 0.3859508
1520532055.011828 15.5237265 -0.5621778 3.9243650 -0.6603032 -0.3711257 0.5160426 0.3999569
1520532055.210569 15.3264589 -0.5397652 3.8690233 -0.6212219 -0.4198437 0.4928286 0.4415141
1520532055.460576 15.0784664 -0.5329613 3.8193660 -0.5535603 -0.4778087 0.4473248 0.5149471
1520532055.609906 14.9297409 -0.5185089 3.8003540 -0.4965868 -0.5234122 0.4130799 0.5557035
1520532055.759911 14.7743998 -0.4864427 3.7810984 -0.4469138 -0.5750450 0.3557934 0.5856640
1520532055.909915 14.6227188 -0.4695383 3.7544563 -0.3945264 -0.6257141 0.2693152 0.6166848
1520532056.060019 14.4733915 -0.4477239 3.7252154 -0.3228231 -0.6759747 0.1881907 0.6351596
1520532056.210024 14.3162003 -0.4145594 3.7026215 -0.2437637 -0.7029319 0.1497979 0.6511732
1520532056.362025 14.1513462 -0.3978177 3.6904533 -0.1700164 -0.7136511 0.1279643 0.6673992
1520532056.612033 13.8928642 -0.4002501 3.6842575 -0.0764371 -0.7155659 0.1057712 0.6862473
1520532056.763580 13.7257347 -0.3841506 3.6800776 -0.0275624 -0.7346976 0.0922995 0.6715211
1520532056.913585 13.5567284 -0.3908024 3.6685500 0.0200566 -0.7561207 0.1021353 0.6461017
1520532057.163101 13.3010406 -0.3737735 3.6443918 0.0252123 -0.7820902 0.0059737 0.6226262
1520532057.363107 13.0708113 -0.3463037 3.6368294 0.0054016 -0.7726336 0.0017841 0.6348268
1520532057.563246 12.8501530 -0.3615008 3.6453133 -0.0015402 -0.7447133 0.0188475 0.6671165
1520532057.811987 12.5730410 -0.3438767 3.6469388 -0.0414479 -0.7299442 0.0727101 0.6783632
1520532058.060279 12.3011217 -0.3573956 3.6303802 -0.0205186 -0.7480009 0.0810053 0.6584162
1520532058.260286 12.0884600 -0.3340470 3.6052442 -0.0279902 -0.7562140 0.0787435 0.6489658
1520532058.459240 11.8624544 -0.3143662 3.5864570 -0.0092249 -0.7553467 0.0737289 0.6510994
1520532058.609245 11.6969624 -0.3246081 3.5855770 0.0063870 -0.7438599 0.0717004 0.6644477
1520532058.759250 11.5327301 -0.3061389 3.5916862 0.0047395 -0.7326431 0.0632435 0.6776518
1520532058.909298 11.3608685 -0.2828463 3.5838709 -0.0232100 -0.7366989 0.0569783 0.6734163
1520532059.059303 11.1974688 -0.2940600 3.5709653 -0.0198776 -0.7462052 0.0529157 0.6633119
1520532059.211445 11.0379887 -0.2934856 3.5502586 -0.0358493 -0.7557101 0.0453608 0.6523494
1520532059.361450 10.8650112 -0.2627741 3.5287354 -0.0374621 -0.7503494 0.0411629 0.6586942
1520532059.561456 10.6443501 -0.2639567 3.5123031 -0.0330809 -0.7360372 0.0315167 0.6753973
1520532059.765522 10.4279995 -0.2582568 3.5106363 -0.0573491 -0.7163634 0.0459060 0.6938496
1520532059.965529 10.1957369 -0.2319234 3.5054274 -0.0419661 -0.7260059 0.0538917 0.6842879
1520532060.267216 9.8709011 -0.2530248 3.4776742 -0.0168688 -0.7391921 0.0624271 0.6703830
1520532060.467223 9.6522560 -0.2180730 3.4558778 -0.0203196 -0.7375708 0.0397857 0.6737905
1520532060.667229 9.4333296 -0.2319353 3.4427931 -0.0291157 -0.7186937 0.0337615 0.6938961
1520532060.917236 9.1499386 -0.1998005 3.4255941 -0.0276574 -0.7171808 0.0357325 0.6954207
1520532061.167244 8.8632402 -0.2128642 3.3878541 -0.0010075 -0.7398496 0.0602720 0.6700664
1520532061.466165 8.5229158 -0.1707976 3.3405738 -0.0102960 -0.7479109 0.0421223 0.6623814
1520532061.764344 8.1763639 -0.1934825 3.3107650 -0.0136603 -0.7221156 0.0609959 0.6889426
1520532062.063100 7.8143110 -0.1565167 3.2802219 0.0035367 -0.7252956 0.0731586 0.6845302
1520532062.313107 7.5384240 -0.1618755 3.2213879 -0.0146405 -0.7650354 0.0635700 0.6406756
1520532062.562213 7.2364469 -0.1240249 3.1880188 -0.0099752 -0.7522728 0.0599076 0.6560467
1520532062.762219 7.0026207 -0.1434655 3.1801574 -0.0140671 -0.7191520 0.0613059 0.6920001
1520532063.010845 6.7064848 -0.0947783 3.1642611 -0.0330761 -0.7187777 0.0434184 0.6930941
1520532063.210852 6.4803286 -0.1164209 3.1404634 -0.0254892 -0.7430016 0.0389682 0.6676679
1520532063.409790 6.2533379 -0.1098452 3.1167033 -0.0166983 -0.7470093 0.0578429 0.6620819
1520532063.559797 6.0764017 -0.0856769 3.1054530 -0.0102477 -0.7339173 0.0480373 0.6774606
1520532063.759532 5.8474884 -0.0943873 3.0990202 -0.0154367 -0.7166423 0.0356865 0.6963562
1520532063.959474 5.6154737 -0.0692615 3.0914068 -0.0213777 -0.7145308 0.0456989 0.6977825
1520532064.110577 5.4359250 -0.0593547 3.0728109 -0.0189656 -0.7254420 0.0569147 0.6856639
1520532064.260582 5.2705011 -0.0719950 3.0505295 -0.0291025 -0.7426732 0.0360193 0.6680510
1520532064.410587 5.1012325 -0.0588407 3.0311697 -0.0255155 -0.7519840 0.0248336 0.6582191
1520532064.662374 4.7995548 -0.0511786 3.0031071 0.0077919 -0.7404746 0.0364983 0.6710473
1520532064.862380 4.5745955 -0.0595726 2.9888473 -0.0056547 -0.7201996 0.0401536 0.6925809
1520532065.112212 4.2835350 -0.0214859 2.9564052 -0.0323290 -0.7334898 0.0432315 0.6775534
1520532065.361192 4.0032883 -0.0476604 2.9111278 -0.0228820 -0.7508759 0.0405507 0.6588000
1520532065.561198 3.7709928 -0.0132385 2.8856223 -0.0206648 -0.7489777 0.0313889 0.6615286
1520532065.810185 3.4737635 -0.0359163 2.8685994 -0.0122390 -0.7096826 0.0381390 0.7033820
1520532066.060192 3.1772242 0.0069039 2.8504848 -0.0303915 -0.7091784 0.0472837 0.7027850
1520532066.209898 3.0014081 0.0142429 2.8249040 -0.0229018 -0.7276284 0.0357601 0.6846558
1520532066.409905 2.7795279 0.0113540 2.7812555 -0.0431338 -0.7525031 0.0247499 0.6567084
1520532066.561447 2.5956414 0.0308510 2.7579784 -0.0256955 -0.7452302 0.0502304 0.6644160
1520532066.761453 2.3536341 0.0083739 2.7430577 0.0196115 -0.7171952 0.0692573 0.6931449
1520532066.911458 2.1844206 0.0087029 2.7341070 -0.0071068 -0.7079562 0.0556679 0.7040232
1520532067.064881 1.9987915 0.0459758 2.7192860 -0.0210572 -0.7113309 0.0508141 0.7007017
1520532067.214885 1.8115277 0.0541744 2.7093401 -0.0032250 -0.7120966 0.0511353 0.7002094
1520532067.417440 1.5843202 0.0441562 2.6738827 -0.0255754 -0.7338200 0.0468608 0.6772431
1520532067.617446 1.3312709 0.0800070 2.6507566 -0.0045466 -0.7291204 0.0468998 0.6827614
1520532067.867454 1.0302850 0.0701708 2.6408391 -0.0091443 -0.6969779 0.0404900 0.7158902
1520532068.067460 0.7934229 0.1036124 2.6433437 -0.0565385 -0.6561681 0.0735372 0.7488919
1520532068.267467 0.5515230 0.1036669 2.6243703 -0.0296600 -0.6827704 0.0666180 0.7269848
1520532068.417471 0.3798881 0.0859942 2.5979295 -0.0163094 -0.7187264 0.0611590 0.6924059
1520532068.617477 0.1425023 0.1186379 2.5706136 0.0021286 -0.7386469 0.0554304 0.6718063
1520532068.767482 -0.0383594 0.1240265 2.5598168 0.0031951 -0.7262874 0.0495829 0.6855931
1520532068.967488 -0.2647531 0.1307186 2.5681899 -0.0430932 -0.6986554 0.0315437 0.7134625
1520532069.167494 -0.5048735 0.1709013 2.5544934 -0.0275184 -0.7106106 0.0456797 0.7015616
1520532069.367500 -0.7350483 0.1416905 2.5268497 -0.0204384 -0.7537318 0.0396957 0.6556638
1520532069.517505 -0.8995233 0.1384758 2.4949167 -0.0207287 -0.7687783 0.0413499 0.6378405
1520532069.717512 -1.1394775 0.1725516 2.4621763 -0.0006380 -0.7676275 0.0415614 0.6395470
1520532069.916444 -1.3679461 0.1541623 2.4405229 -0.0214863 -0.7449169 0.0297635 0.6661466
1520532070.066449 -1.5349755 0.1561938 2.4381616 -0.0360769 -0.7309276 0.0443721 0.6800547
1520532070.263820 -1.7661080 0.1895634 2.4269719 -0.0275310 -0.7331055 0.0535493 0.6774442
1520532070.463826 -1.9779859 0.1728998 2.4108388 -0.0479828 -0.7430338 0.0331363 0.6667086
1520532070.613832 -2.1426013 0.1972079 2.4037652 -0.0370346 -0.7418520 0.0318148 0.6687838
1520532070.861919 -2.4284806 0.2132125 2.3884220 -0.0095253 -0.7365968 0.0380140 0.6751958
1520532071.060749 -2.6404557 0.2017053 2.3784802 -0.0198545 -0.7246391 0.0331262 0.6880456
1520532071.260756 -2.8678980 0.2310609 2.3657460 -0.0176909 -0.7253061 0.0463947 0.6866336
1520532071.461060 -3.0776412 0.2193706 2.3259747 -0.0049998 -0.7767099 0.0422933 0.6284171
1520532071.661066 -3.2658784 0.2130768 2.2577817 0.0125906 -0.8317429 0.0288362 0.5542686
1520532071.962589 -3.5258586 0.2195243 2.0933414 0.0617435 -0.8948354 0.0471812 0.4395810
1520532072.314286 -3.7242498 0.2403615 1.8509887 0.0482155 -0.9552854 0.0203924 0.2910137
1520532072.564292 -3.8087506 0.2248437 1.6661896 0.0486351 -0.9856016 0.0312584 0.1588936
1520532072.813538 -3.8513906 0.2293867 1.4878318 0.0535043 -0.9958342 0.0241288 0.0697813
1520532072.913542 -3.8650506 0.2307738 1.4198172 0.0465197 -0.9974632 0.0267442 0.0467752
1520532073.262474 -3.8918033 0.1880195 1.3320949 -0.0516927 0.9955614 -0.0511870 0.0597105
1520532073.462480 -3.9125390 0.1972286 1.3819971 -0.0424328 0.9852300 -0.0515234 0.1576917
1520532073.562132 -3.9230061 0.2046223 1.4274671 -0.0493278 0.9756895 -0.0519768 0.2071120
1520532073.912132 -3.9355221 0.2366862 1.6631004 -0.0409468 0.9475004 -0.0411834 0.3144366
1520532074.062817 -3.9247961 0.2471038 1.7873365 -0.0267506 0.9256387 -0.0167389 0.3770906
1520532074.212822 -3.9256625 0.2497580 1.9178522 -0.0217807 0.8988637 -0.0027308 0.4376783
1520532074.363711 -3.9342322 0.2540258 2.0446699 -0.0187926 0.8518507 -0.0072282 0.5233975
1520532074.513716 -3.9432597 0.2680158 2.1637182 -0.0204952 0.7999313 0.0012995 0.5997401
1520532074.663722 -3.9451303 0.2779691 2.2812452 -0.0210071 0.7477911 0.0307036 0.6628910
1520532074.812287 -3.9231124 0.2833292 2.3918445 -0.0212752 0.6989776 0.0300444 0.7141954
1520532074.962292 -3.8610873 0.2819037 2.4843876 -0.0009504 0.6703033 0.0248894 0.7416691
1520532075.161837 -3.7536955 0.2518340 2.5617521 0.0470158 0.6588394 0.0079900 0.7507706
1520532075.311841 -3.6535821 0.2519580 2.5943501 0.0497356 0.6581306 0.0027639 0.7512541
1520532075.461846 -3.5316374 0.2695446 2.6186659 0.0314818 0.6544433 0.0168449 0.7552676
1520532075.611636 -3.4053147 0.2643650 2.6358681 0.0269096 0.6452597 0.0157422 0.7633269
1520532075.761640 -3.2818379 0.2427473 2.6489744 0.0215852 0.6340126 0.0169850 0.7728348
1520532075.911645 -3.1373687 0.2472412 2.6554728 0.0100025 0.6352801 0.0074029 0.7721816
1520532076.013016 -3.0277510 0.2603050 2.6544118 0.0009667 0.6481611 0.0142455 0.7613695
1520532076.113019 -2.9217343 0.2567098 2.6543694 -0.0080189 0.6653036 0.0193360 0.7462794
1520532076.263024 -2.7654376 0.2237703 2.6541004 -0.0026781 0.6900651 0.0132300 0.7236214
1520532076.515644 -2.5011873 0.2270758 2.6514659 0.0152769 0.7052749 0.0173199 0.7085576
1520532076.715650 -2.2761900 0.2059169 2.6581178 0.0542161 0.6846936 -0.0087102 0.7267596
1520532076.867824 -2.1195307 0.1858117 2.6750228 0.0528575 0.6615191 0.0057394 0.7480413
1520532077.117743 -1.8324496 0.2169055 2.6944735 0.0308422 0.6501547 -0.0102741 0.7591062
1520532077.367750 -1.5616165 0.1925954 2.7062066 0.0211188 0.6841363 -0.0088014 0.7289953
1520532077.517755 -1.3892111 0.1979190 2.7029176 0.0193021 0.6949571 0.0050953 0.7187740
1520532077.667760 -1.2094723 0.2133577 2.7088251 0.0204474 0.6831095 0.0059986 0.7300050
1520532077.867767 -0.9873483 0.1756971 2.7255778 0.0186608 0.6542376 0.0041145 0.7560477
1520532078.067772 -0.7569461 0.1798477 2.7442882 0.0213621 0.6429335 -0.0156447 0.7654642
1520532078.267779 -0.5088384 0.1718220 2.7565742 0.0302239 0.6624340 -0.0233270 0.7481467
1520532078.517786 -0.2200506 0.1554831 2.7581525 0.0104524 0.6895099 0.0180748 0.7239752
1520532078.767794 0.0825334 0.1731336 2.7745376 0.0091170 0.6795841 0.0120750 0.7334416
1520532079.067804 0.4174862 0.1547416 2.8188243 -0.0241970 0.6391875 0.0121562 0.7685741
1520532079.365629 0.7698629 0.1311862 2.8459074 -0.0015447 0.6812494 -0.0180725 0.7318267
1520532079.615638 1.0586541 0.1329898 2.8618691 -0.0087618 0.6913310 0.0215563 0.7221634
1520532079.863335 1.3499699 0.1027546 2.8940949 0.0476996 0.6616611 -0.0280921 0.7477567
1520532080.161593 1.6804986 0.1202330 2.9598427 0.0117039 0.6252956 0.0038389 0.7802907
1520532080.311599 1.8528564 0.1239561 2.9734836 -0.0074807 0.6324066 -0.0067595 0.7745709
1520532080.510731 2.0823050 0.0922040 2.9826601 0.0031557 0.6692334 0.0020862 0.7430426
1520532080.710737 2.3216441 0.1005410 3.0000091 0.0406046 0.6706320 -0.0004382 0.7406779
1520532080.860742 2.4945016 0.0890261 3.0209186 0.0373694 0.6581166 -0.0110347 0.7519072
1520532081.010493 2.6548963 0.0662568 3.0509009 0.0234198 0.6309268 -0.0026674 0.7754843
1520532081.260499 2.9480596 0.0920999 3.0865524 0.0307458 0.6236896 -0.0242904 0.7806895
1520532081.411453 3.1219008 0.0710787 3.0984285 0.0117279 0.6430785 -0.0147437 0.7655686
1520532081.661461 3.4146245 0.0599831 3.1047618 0.0310638 0.6736262 0.0111429 0.7383350
1520532081.912791 3.7128828 0.0436037 3.1350908 0.0272434 0.6482009 0.0017588 0.7609800
1520532082.162517 3.9960625 0.0284327 3.1891849 0.0186640 0.6234070 -0.0057288 0.7816538
1520532082.561516 4.4638543 0.0015318 3.2408690 -0.0046737 0.6601887 -0.0034999 0.7510771
1520532083.560513 5.6263485 -0.0203117 3.3649518 0.0013336 0.6741582 0.0019636 0.7385833
1520532084.415669 6.6142664 -0.0285084 3.4328866 0.0297006 0.6945639 -0.0008811 0.7188171
1520532085.416950 7.6740394 -0.0680849 3.1552932 0.0724480 0.8759832 0.0260576 0.4761571
1520532087.665142 9.1636705 -0.2026226 1.7551301 0.0768296 0.8775939 -0.0383473 0.4716520
1520532088.461921 9.4494162 -0.2950207 1.1549077 0.1284270 0.9817131 -0.0893656 0.1084425
1520532089.409976 8.9678478 -0.2648399 1.4260656 0.0317837 -0.6516041 0.1053392 0.7505367
1520532090.368157 8.4904909 -0.1821772 1.8334759 0.0905627 -0.6251074 -0.0303461 0.7746731
1520532091.616293 7.4245167 -0.1332210 1.7051431 -0.0651332 -0.7125761 0.0775176 0.6942508
1520532092.517172 6.6118393 -0.1205878 1.8151711 0.0840866 -0.6538147 -0.0108269 0.7518901
1520532093.117191 6.2037115 -0.1917959 1.6462159 0.1453397 -0.8213310 0.1122563 0.5400839
1520532093.713593 6.3311777 -0.2081342 1.4619923 0.0258333 -0.9712000 0.2362807 0.0165668
1520532094.815075 7.2417293 -0.0874344 1.6441346 0.0305423 0.7410901 -0.0033922 0.6707020
1520532095.818328 7.9742365 -0.1294476 2.0947435 0.0208208 0.3603012 -0.0740471 0.9296593
1520532096.917859 7.9336185 -0.1003283 2.9413445 0.0327451 -0.1828849 -0.0501561 0.9813080
1520532099.411307 5.5202751 -0.0578397 3.1380675 -0.0380873 -0.7622329 0.0374913 0.6450928
1520532100.113571 4.7226458 -0.0351269 3.1173594 0.0278440 -0.7344792 0.0589573 0.6754918
1520532100.662926 4.1312375 -0.0035040 3.0888648 0.0246207 -0.7343528 0.0293812 0.6776847
1520532101.111877 3.6340272 0.0144852 3.0594547 0.0038956 -0.7220619 0.0392808 0.6907012
1520532102.011104 2.6953795 0.0000573 2.6814532 0.0001565 -0.8851600 0.0511495 0.4624670
1520532102.361798 2.4431276 -0.0193925 2.4058073 0.0100756 -0.9553028 0.0457396 0.2918955
1520532102.760696 2.2780182 -0.0433694 2.0436313 -0.0193869 -0.9831014 0.0549643 0.1735366
1520532103.109963 2.1638589 -0.0726720 1.7400353 -0.0314570 -0.9917089 0.0740731 0.1001848
1520532103.259968 2.1225662 -0.0685173 1.6016377 -0.0297272 -0.9953826 0.0624243 0.0665814
1520532103.509758 2.0709474 -0.0972664 1.3737440 -0.0477369 -0.9952195 0.0816082 0.0244861
1520532103.709764 2.0332346 -0.0898464 1.1802009 -0.0500722 -0.9965152 0.0663579 0.0068501
1520532103.909965 1.9902641 -0.1120615 0.9838259 0.0520919 0.9972841 -0.0515826 0.0070945
1520532104.109972 1.9327918 -0.1295591 0.8034261 0.0516797 0.9973112 -0.0511751 0.0089920
1520532104.361402 1.8477185 -0.1613843 0.5821483 0.0497708 0.9946138 -0.0800838 0.0430448
1520532104.660740 1.7093579 -0.2905599 0.3648746 0.0474346 0.9888393 -0.1327424 0.0482332
1520532104.860746 1.5947658 -0.3634960 0.2281672 0.0364858 0.9818367 -0.1777816 0.0553109
1520532105.060371 1.4611912 -0.3661317 0.0980478 0.0383131 0.9852406 -0.1605190 0.0454621
1520532106.860341 -0.1017319 -0.0705579 -0.2372827 0.0676504 -0.9877654 0.0104569 0.1401205
1520532107.159874 0.0056568 -0.2306428 -0.2178347 0.0590406 -0.9849584 0.0710186 0.1460398
1520532110.859605 0.5041167 -0.2084891 -0.1867722 0.0308710 0.9104433 -0.0919378 0.4021039
1520532112.309889 0.4741610 -0.2066793 -0.0754493 0.0400094 0.9109951 -0.0665799 0.4050363
1520532116.759899 1.0121121 0.0284421 -0.0167152 0.0020962 0.9032746 0.2313876 0.3613173
1520532117.061081 1.0569913 -0.2607365 -0.0072086 0.1445168 0.8987573 0.1089448 0.3993512
1520532117.360637 0.8656115 -0.3679241 -0.1284571 0.2801537 0.9188597 0.0732930 0.2680282
1520532118.211559 0.0685601 -0.1437220 -0.1565774 0.2073042 -0.9229041 -0.0547923 0.3197982
1520532119.560599 1.2310146 -0.1523217 -0.0400799 0.0144206 0.9661378 -0.0361469 0.2550753
1520532121.560822 0.1418017 0.2430608 -0.2291636 0.0058508 -0.9965394 -0.0807787 0.0186976
1520532122.610205 0.0086271 -0.2468244 -0.1333506 0.0590309 -0.9916912 0.0982588 0.0583885
1520532122.810211 0.2090908 -0.1923427 -0.1203241 -0.0184874 0.9927529 -0.1135162 0.0348453
1520532123.460468 0.8423233 0.1343333 -0.0425516 -0.0454377 0.9620888 0.1168342 0.2422196
1520532125.510392 0.6434839 -0.0940764 -0.2786833 0.0205318 0.9992943 -0.0312709 0.0033719
1520532127.510376 0.6596101 -0.0740227 -0.2664774 0.0127737 0.9989406 -0.0392997 0.0202543
1520532127.810385 0.6581023 -0.0717673 -0.2650606 0.0148271 0.9987667 -0.0432722 0.0193126
1520532128.510396 0.6571505 -0.0705359 -0.2634847 0.0147165 0.9984041 -0.0500635 0.0215945
