1520531829.251142 1.0638561 1.0768561 -8.6907864 0.0792227 -0.6654383 0.0545233 0.7402316
1520531830.251184 1.0554695 1.0606776 -8.7181873 0.0836585 -0.6672128 0.0671908 0.7370982
1520531830.301190 1.0555792 1.0609833 -8.7184925 0.0833925 -0.6672127 0.0636717 0.7374408
1520531830.851181 1.0585461 1.0702399 -8.7311335 0.0817673 -0.6828892 0.0570269 0.7236879
1520531838.801613 1.1068659 0.8292207 -7.7590289 0.1040364 -0.6255727 0.0363399 0.7723437
1520531839.101333 1.2195048 1.0085856 -7.8136148 0.0714560 -0.6268067 0.0181096 0.7756801
1520531839.251462 1.2693791 1.1101934 -7.8757372 0.0562789 -0.6358632 -0.0191647 0.7695086
1520531839.751731 1.2409582 1.1369628 -8.2107372 0.0537015 -0.7003627 -0.0289780 0.7111740
1520531843.152547 0.9380512 0.8383685 -8.2112732 0.1283402 -0.4107115 -0.0419274 0.9017133
1520531844.251678 1.0015054 0.9938330 -9.2331953 0.0491116 -0.9591563 -0.0404617 0.2756270
1520531844.651777 0.9596624 0.8406835 -9.0174026 -0.0270397 -0.9574154 0.0675018 0.2794069
1520531845.451609 0.8587496 0.8014157 -8.0153418 0.1269258 -0.2556440 0.0576245 0.9566690
1520531845.701617 0.8796029 0.7907113 -7.9098577 0.1286368 -0.4389169 0.0499224 0.8878696
1520531852.251610 0.9586105 1.0082451 -9.1369267 -0.0536422 -0.8753702 -0.0563613 0.4771510
1520531852.452724 0.9636879 0.7756913 -9.1370764 -0.0232816 -0.8847659 0.0806716 0.4584098
1520531852.602729 0.9250154 0.6594667 -9.0377178 0.0087979 -0.8507214 0.1487140 0.5040634
1520531853.702514 0.9974132 0.9950702 -7.9653664 0.0707171 -0.3818806 0.0083118 0.9214646
1520531853.952238 1.0604832 0.9753810 -7.8389659 0.1048361 -0.3023907 0.0169131 0.9472504
1520531854.152244 1.0536499 1.0051960 -7.7394691 0.0495702 -0.2882089 0.0175419 0.9561228
1520531854.252247 1.0275593 1.0191814 -7.6797533 0.0341035 -0.2831046 0.0254629 0.9581443
1520531854.752422 0.7910969 0.9690579 -7.3424463 0.0297959 -0.3089474 0.0178807 0.9504442
1520531854.902427 0.6931796 0.9634837 -7.2266054 0.0325562 -0.3287438 0.0197155 0.9436520
1520531855.052433 0.5902867 0.9442133 -7.0964108 0.0652226 -0.3515845 0.0319118 0.9333358
1520531855.202494 0.4813948 0.9031814 -6.9849081 0.0658605 -0.3845749 0.0375237 0.9199764
1520531855.402501 0.3197618 0.8702407 -6.8598232 0.0533598 -0.4524535 0.0297161 0.8896942
1520531855.602929 0.1245537 0.8509840 -6.7272758 0.0687538 -0.4772721 0.0354586 0.8753440
1520531855.752934 -0.0119786 0.8078402 -6.6353130 0.0693038 -0.4880478 0.0226962 0.8697651
1520531855.902938 -0.1425467 0.7785287 -6.5513120 0.0591953 -0.5025426 0.0203047 0.8622846
1520531856.103550 -0.3493094 0.7818882 -6.4328642 0.0549292 -0.5219488 0.0208478 0.8509511
1520531856.303557 -0.5560584 0.7395539 -6.3407784 0.0302890 -0.5511147 0.0022137 0.8338767
1520531856.403857 -0.6612945 0.7118502 -6.3164511 0.0315659 -0.5715561 0.0052757 0.8199387
1520531856.553861 -0.8169093 0.6909268 -6.2628942 0.0436461 -0.5819091 0.0171274 0.8119012
1520531856.753868 -1.0281920 0.6741860 -6.1742258 0.0189226 -0.5476412 0.0346936 0.8357796
1520531857.103998 -1.3296862 0.6080187 -5.9439278 -0.0186050 -0.4509082 0.0755729 0.8891706
1520531857.253808 -1.4473221 0.5987298 -5.8176494 -0.0512412 -0.4281606 0.0785398 0.8988239
1520531857.503817 -1.5921195 0.5395414 -5.5608091 -0.0535078 -0.3371652 0.0979860 0.9348024
1520531857.603822 -1.6379824 0.5408788 -5.4403782 -0.0459972 -0.2936460 0.0986190 0.9497003
1520531857.704911 -1.6741934 0.5417605 -5.3151121 -0.0443198 -0.2480650 0.0947130 0.9630830
1520531857.804833 -1.7008649 0.5245094 -5.1945915 -0.0412901 -0.1951720 0.0869586 0.9760335
1520531857.904836 -1.7117907 0.4981223 -5.0746131 -0.0401077 -0.1342549 0.0874038 0.9862696
1520531858.004839 -1.7187383 0.4793294 -4.9566431 -0.0466483 -0.0801238 0.0979832 0.9908600
1520531858.155737 -1.7279707 0.4827766 -4.7671056 -0.0390768 -0.0281205 0.1092745 0.9928451
1520531858.255740 -1.7348106 0.4824365 -4.6399231 -0.0377005 -0.0122668 0.1035986 0.9938288
1520531858.355743 -1.7418129 0.4597227 -4.5175509 -0.0455860 -0.0148608 0.0972982 0.9940997
1520531858.456210 -1.7463739 0.4270611 -4.3998995 -0.0415033 -0.0155538 0.1043842 0.9935490
1520531858.556213 -1.7540109 0.4106359 -4.2807908 -0.0238449 -0.0147589 0.1035434 0.9942294
1520531858.656216 -1.7643211 0.4133712 -4.1551957 -0.0164884 -0.0181580 0.0948135 0.9951929
1520531858.756220 -1.7736026 0.4173629 -4.0281506 -0.0262301 -0.0145025 0.0895152 0.9955344
1520531858.855606 -1.7754269 0.4052560 -3.8998227 -0.0355894 0.0005654 0.0917106 0.9951494
1520531859.005610 -1.7607279 0.3705395 -3.7224457 -0.0502867 0.0340821 0.0986123 0.9932700
1520531859.105613 -1.7528353 0.3573467 -3.5997202 -0.0497509 0.0489398 0.1126539 0.9911806
1520531859.205617 -1.7434640 0.3599542 -3.4689000 -0.0350796 0.0532754 0.1180660 0.9909549
1520531859.254653 -1.7371722 0.3600456 -3.4023302 -0.0303310 0.0520029 0.1174286 0.9912548
1520531859.654665 -1.7176487 0.2920904 -2.9070582 -0.0111749 0.0402131 0.1046295 0.9936352
1520531859.803838 -1.7092383 0.2895154 -2.7128861 0.0189144 0.0505769 0.1007027 0.9934500
1520531860.053846 -1.6511949 0.2538065 -2.4173574 0.0078840 0.1086195 0.1040433 0.9885923
1520531860.203605 -1.6163361 0.2551506 -2.2392271 -0.0016546 0.1202082 0.1056571 0.9871089
1520531860.353610 -1.5961405 0.2639584 -2.0462360 0.0025052 0.1087363 0.1079411 0.9881898
1520531860.504915 -1.5852028 0.2469232 -1.8644087 -0.0161264 0.0941019 0.1088183 0.9894662
1520531860.704921 -1.5767292 0.2223732 -1.6244352 -0.0149025 0.0708289 0.0906187 0.9932520
1520531860.908177 -1.5580114 0.2265544 -1.3669653 -0.0113486 0.0743083 0.0886503 0.9932224
1520531861.058171 -1.5292517 0.2045687 -1.1926658 -0.0319383 0.1000144 0.0859828 0.9907493
1520531861.208176 -1.4903111 0.1891955 -1.0198456 -0.0281933 0.1141704 0.0958082 0.9884287
1520531861.359927 -1.4639189 0.1971333 -0.8344569 -0.0076412 0.1033218 0.0941071 0.9901567
1520531861.559933 -1.4376616 0.1665345 -0.6100494 -0.0127553 0.0702614 0.0949377 0.9929187
1520531861.659936 -1.4325848 0.1416164 -0.5026667 -0.0039980 0.0449653 0.0949247 0.9944605
1520531861.760667 -1.4311098 0.1335112 -0.3938999 0.0071886 0.0307662 0.0844524 0.9959266
1520531862.110679 -1.4559513 0.0988571 -0.0221266 0.0279451 -0.0238292 0.0370277 0.9986392
1520531862.209841 -1.4729744 0.0765376 0.0672700 0.0442057 -0.0565478 0.0190619 0.9972387
1520531862.409847 -1.5338567 0.0680182 0.2471342 0.0950152 -0.1604141 -0.0261822 0.9821171
1520531862.607268 -1.6212791 0.0486306 0.3801673 0.1037333 -0.2870879 -0.0540929 0.9507334
1520531862.807274 -1.7299500 0.0296033 0.4817987 0.1371727 -0.3981286 -0.0779100 0.9036632
1520531863.004577 -1.8721931 0.0308776 0.5698020 0.1543936 -0.4708517 -0.0998929 0.8628342
1520531863.154582 -1.9900166 0.0022785 0.6121987 0.1549283 -0.5151970 -0.0963514 0.8374279
1520531863.254585 -2.0691140 -0.0195533 0.6297904 0.1544295 -0.5440480 -0.0818912 0.8206444
1520531863.353328 -2.1535616 -0.0344455 0.6445705 0.1446480 -0.5772449 -0.0641809 0.8010907
1520531863.453331 -2.2448921 -0.0423408 0.6631055 0.1275071 -0.6071103 -0.0468940 0.7829177
1520531863.553336 -2.3343668 -0.0620306 0.6806415 0.1214000 -0.6273060 -0.0192880 0.7690106
1520531863.653338 -2.4164269 -0.0935420 0.6971291 0.1133577 -0.6413972 0.0106783 0.7587132
1520531863.752886 -2.4959126 -0.1247385 0.7140853 0.0996183 -0.6563305 0.0277869 0.7473516
1520531863.852889 -2.5781484 -0.1497020 0.7297989 0.0914271 -0.6642155 0.0405256 0.7408215
1520531863.952897 -2.6707447 -0.1644636 0.7486970 0.0910712 -0.6571214 0.0526200 0.7464105
1520531864.052895 -2.7650335 -0.1753980 0.7797858 0.0822203 -0.6395546 0.0695634 0.7611641
1520531864.202590 -2.8938496 -0.2054156 0.8342276 0.0615483 -0.5969076 0.0876100 0.7951338
1520531864.252591 -2.9345698 -0.2159396 0.8578872 0.0536940 -0.5774263 0.0877950 0.8099308
1520531864.653090 -3.2088327 -0.2952966 1.1339343 0.0558528 -0.4404857 0.0954706 0.8909199
1520531864.753093 -3.2662902 -0.3222193 1.2196820 0.0718615 -0.4102755 0.0941940 0.9042332
1520531864.903098 -3.3457532 -0.3612612 1.3385705 0.0840424 -0.3758081 0.0891730 0.9185604
1520531865.004427 -3.3882561 -0.3831919 1.4263359 0.0964041 -0.3547832 0.0882952 0.9257641
1520531865.104430 -3.4248285 -0.3964633 1.5119541 0.1109852 -0.3301613 0.0849606 0.9335189
1520531865.254435 -3.4667344 -0.4187252 1.6325589 0.1210965 -0.2959289 0.0715698 0.9447961
1520531865.404537 -3.4928579 -0.4468490 1.7523621 0.1087658 -0.2695882 0.0675960 0.9544228
1520531865.554542 -3.5207930 -0.4639548 1.8728969 0.0956873 -0.2631236 0.0722242 0.9572845
1520531865.704546 -3.5544274 -0.4845759 1.9947554 0.1196509 -0.2700157 0.0751179 0.9524350
1520531865.854987 -3.5920441 -0.5269040 2.0948768 0.1567744 -0.2985093 0.0752024 0.9384342
1520531866.004992 -3.6422350 -0.5705127 2.1632159 0.1837543 -0.3593871 0.0774793 0.9116317
1520531866.154996 -3.7139051 -0.5925424 2.2155294 0.2101287 -0.4188443 0.0664514 0.8809085
1520531866.304597 -3.7915184 -0.6169094 2.2454271 0.2425105 -0.4876201 0.0546663 0.8369152
1520531866.454602 -3.8590031 -0.6355921 2.2399139 0.2673284 -0.5694246 0.0415263 0.7762517
1520531866.653665 -3.9046555 -0.6263105 2.1797247 0.2827491 -0.7199936 0.0426094 0.6323341
1520531866.753669 -3.8959816 -0.6072989 2.1408048 0.2688081 -0.7945303 0.0445251 0.5426614
1520531870.203501 -3.9044642 -0.6931347 0.8356382 0.2006700 -0.3778885 0.0990201 0.8984025
1520531870.353505 -3.8930092 -0.7043070 0.8921036 0.1962238 -0.2844991 0.0769298 0.9352211
1520531870.453508 -3.8746274 -0.7087291 0.9233354 0.1919177 -0.2317793 0.0572428 0.9519293
1520531870.503510 -3.8642075 -0.7074624 0.9338100 0.1867953 -0.2098191 0.0523396 0.9583027
1520531870.603609 -3.8392196 -0.7040380 0.9509721 0.1664018 -0.1913684 0.0494357 0.9660460
1520531870.703666 -3.8053293 -0.6950339 0.9582177 0.1413850 -0.1916918 0.0462166 0.9701179
1520531870.903672 -3.7013009 -0.6689392 0.9462421 0.0958928 -0.2111597 0.0318214 0.9722157
1520531871.003675 -3.6444740 -0.6537068 0.9317526 0.0814625 -0.2266830 0.0248268 0.9702383
1520531871.103678 -3.5889056 -0.6367316 0.9178817 0.0770743 -0.2345066 0.0278770 0.9686533
1520531871.204109 -3.5346773 -0.6156324 0.9031448 0.0645027 -0.2387179 0.0353602 0.9682990
1520531871.354114 -3.4603910 -0.5757437 0.8866884 0.0297954 -0.2217536 0.0516758 0.9732766
1520531871.504118 -3.3779192 -0.5250903 0.8799167 -0.0020908 -0.1331411 0.0620973 0.9891477
1520531871.604699 -3.3297703 -0.4963557 0.8795455 -0.0046593 -0.0627724 0.0787302 0.9949068
1520531871.754703 -3.2500479 -0.4383385 0.8705050 -0.0210878 0.0582556 0.1129429 0.9916681
1520531875.158756 -0.1861192 0.1296643 0.8919961 -0.0304996 0.4712353 -0.0690939 0.8787680
1520531875.258055 -0.1399203 0.1433892 0.9544417 -0.0183187 0.4320081 -0.0545269 0.9000336
1520531875.358058 -0.1016610 0.1565902 1.0099344 -0.0260668 0.4026904 -0.0404874 0.9140689
1520531875.408060 -0.0838094 0.1619631 1.0412340 -0.0334761 0.3876370 -0.0261334 0.9208334
1520531875.508063 -0.0549158 0.1575884 1.1013420 -0.0322522 0.3445386 0.0103651 0.9381608
1520531875.608066 -0.0339161 0.1396918 1.1634324 -0.0064852 0.3021629 0.0285745 0.9528059
1520531875.708069 -0.0112200 0.1336340 1.2249730 0.0186842 0.2739730 0.0339013 0.9609581
1520531875.808072 0.0105652 0.1403707 1.2861507 0.0122580 0.2534607 0.0415864 0.9663737
1520531875.908075 0.0384975 0.1495270 1.3467178 -0.0112011 0.2534250 0.0604820 0.9653975
1520531876.008078 0.0739459 0.1503164 1.4037733 -0.0252795 0.2781054 0.0652856 0.9579960
1520531876.159261 0.1541144 0.1352775 1.4662437 -0.0169477 0.3415733 0.0654373 0.9374212
1520531876.259264 0.2080520 0.1351335 1.5020357 -0.0037125 0.3741179 0.0675486 0.9249104
1520531876.409269 0.2953322 0.1421007 1.5550289 0.0137624 0.4110084 0.0723515 0.9086518
1520531876.507641 0.3493657 0.1300074 1.5831678 0.0170250 0.4376988 0.0499956 0.8975692
1520531876.607643 0.4202105 0.1333068 1.6059585 0.0128543 0.4662600 0.0319119 0.8839786
1520531876.707646 0.4866180 0.1396464 1.6261288 -0.0041486 0.4897030 0.0395561 0.8709816
1520531877.105079 0.7586430 0.2439598 1.7088840 -0.0328717 0.6703923 0.0567604 0.7391021
1520531877.205082 0.8125495 0.2514127 1.6798530 -0.0414873 0.7150948 0.0595439 0.6952502
1520531877.453496 0.9269689 0.2624004 1.5881232 -0.0453945 0.7947308 0.0623369 0.6020436
1520531877.652905 1.0109919 0.2643839 1.5157309 -0.0356973 0.8033694 0.0238677 0.5939307
1520531877.952915 1.1380688 0.2729201 1.4746885 -0.0508858 0.7726091 0.0208171 0.6324971
1520531878.252724 1.2849050 0.3292539 1.4751269 -0.0555525 0.7408476 0.0402147 0.6681628
1520531878.402730 1.3849369 0.3451907 1.4849199 -0.0300103 0.7218693 0.0420403 0.6900990
1520531878.552789 1.4787756 0.3463865 1.4894172 -0.0265078 0.6940733 0.0580027 0.7170741
1520531878.702794 1.5710236 0.3455066 1.4926839 -0.0126342 0.6802922 0.0368428 0.7319053
1520531878.802797 1.6316795 0.3540581 1.4927686 -0.0023768 0.6649559 0.0234621 0.7465102
1520531878.903275 1.6972033 0.3722427 1.4934648 -0.0085170 0.6489010 0.0289450 0.7602745
1520531879.003278 1.7681468 0.3936471 1.4921005 -0.0047594 0.6305889 0.0335354 0.7753776
1520531879.153282 1.8768005 0.4137444 1.4924369 -0.0066536 0.6003407 0.0097361 0.7996575
1520531879.253285 1.9378812 0.4132358 1.5021492 -0.0011199 0.5685655 -0.0061106 0.8226144
1520531879.604810 2.0132103 0.3929209 1.5868591 0.0365672 0.4430665 -0.0271274 0.8953319
1520531879.804812 2.0012336 0.3898289 1.6604781 0.0545202 0.3374703 -0.0114604 0.9396862
1520531880.004819 1.9824427 0.3947803 1.7504640 0.0788422 0.2225156 -0.0042408 0.9717266
1520531880.103750 1.9706407 0.3921759 1.7910576 0.1019123 0.1623595 -0.0150891 0.9813387
1520531880.253765 1.9326377 0.3824326 1.8363912 0.1182576 0.0560836 -0.0187064 0.9912214
1520531880.403759 1.8893211 0.3699131 1.8616120 0.1426211 -0.0666483 -0.0208719 0.9873103
1520531880.553340 1.8414434 0.3572051 1.8646283 0.1969460 -0.1942201 -0.0164601 0.9608434
1520531880.703345 1.8000212 0.3512123 1.8299665 0.2636045 -0.3348115 -0.0216944 0.9044021
1520531880.803348 1.7785378 0.3498077 1.7892952 0.2894224 -0.4171632 -0.0234776 0.8611960
1520531880.953510 1.7569005 0.3541502 1.7076650 0.3001141 -0.5237538 -0.0184805 0.7970395
1520531881.053513 1.7474908 0.3596633 1.6443241 0.2863419 -0.5904033 -0.0124748 0.7545043
1520531881.203518 1.7379744 0.3792870 1.5574056 0.2365127 -0.6720727 -0.0091192 0.7016386
1520531881.355180 1.7216713 0.3898234 1.4827522 0.2020064 -0.7261365 0.0043572 0.6571912
1520531881.505183 1.6897683 0.3933554 1.4223071 0.1705651 -0.7647359 0.0208466 0.6210089
1520531881.705191 1.6346948 0.3889199 1.3469851 0.1336844 -0.8004408 0.0414571 0.5828415
1520531882.057125 1.5627124 0.3670764 1.2067621 0.0546462 -0.8490929 0.0732671 0.5202760
1520531882.206620 1.5342814 0.3497925 1.1697654 0.0484910 -0.8602762 0.0794752 0.5012558
1520531882.356625 1.5142988 0.3261577 1.1385056 -0.0467221 0.8808040 -0.0902968 -0.4624367
1520531882.556631 1.4762628 0.2969318 1.1068683 -0.0263713 0.9039047 -0.1419905 -0.4026161
1520531882.706256 1.4080045 0.2775240 1.1132489 -0.0083422 0.9057789 -0.1641574 -0.3905732
1520531882.856261 1.3055390 0.2642234 1.1413984 0.0020256 0.9043016 -0.1731764 -0.3901851
1520531883.055934 1.1554897 0.2484227 1.1835591 -0.0241249 0.8987362 -0.1214830 -0.4206342
1520531883.255940 1.0213093 0.2225263 1.2093434 -0.0120442 0.8798351 -0.1128629 -0.4615271
1520531883.355943 0.9539210 0.2203799 1.2128639 0.0200785 -0.8691133 0.1124105 0.4812514
1520531883.459389 0.8880038 0.2171099 1.2141392 0.0407134 -0.8564197 0.1086964 0.5030633
1520531883.609394 0.7990125 0.2043966 1.2186843 0.0616346 -0.8351486 0.1089248 0.5355964
1520531883.759398 0.7116498 0.1979570 1.2301913 0.0498702 -0.8215905 0.0916441 0.5604492
1520531883.961498 0.5758034 0.1979493 1.2653537 0.0642281 -0.8012933 0.0861229 0.5885461
1520531884.111501 0.4671196 0.1947787 1.2917619 0.0824640 -0.7995499 0.0557100 0.5922974
1520531884.561726 0.1812210 0.1651904 1.2338903 0.1710215 -0.8507710 0.0010356 0.4969299
1520531884.861735 0.0482361 0.1412528 1.1055570 -0.1982194 0.9104801 0.0089693 -0.3628421
1520531885.211746 -0.0080861 0.1655674 0.9115195 -0.1781230 0.9723167 -0.0074321 -0.1510538
1520531885.561572 0.0251787 0.1801008 0.7154360 -0.1125422 0.9918538 0.0186617 0.0566736
1520531886.009554 0.0451759 0.1940308 0.3947732 -0.0632679 0.9936299 0.0335189 0.0870256
1520531886.209561 0.0241866 0.2097838 0.2256729 -0.0435674 0.9964247 0.0332800 0.0642834
1520531886.359019 0.0098972 0.2200239 0.0952336 -0.0386531 0.9971027 0.0275591 0.0594370
1520531886.559025 -0.0041034 0.2086132 -0.0707745 -0.0306886 0.9979433 0.0338142 0.0449887
1520531886.759118 -0.0327263 0.2257255 -0.2452046 -0.0496291 0.9985130 0.0115122 0.0194010
1520531887.159707 -0.1243289 0.2134950 -0.5983804 -0.0922673 0.9915655 -0.0167210 -0.0894710
1520531887.309711 -0.1656928 0.2270356 -0.7209775 -0.0885189 0.9917516 -0.0230065 -0.0898001
1520531887.610507 -0.2199016 0.2259894 -0.9688823 -0.0986865 0.9941069 -0.0187941 -0.0407334
1520531887.760511 -0.2293078 0.2305283 -1.0855708 -0.1105073 0.9937176 -0.0159942 -0.0076071
1520531887.960392 -0.2411748 0.2522536 -1.2503065 -0.1219862 0.9918036 -0.0250838 0.0285627
1520531888.160398 -0.2376219 0.2497469 -1.4081922 -0.1272534 0.9900183 -0.0090080 0.0599109
1520531888.360186 -0.2127964 0.2648627 -1.5590334 -0.1171418 0.9855918 -0.0125032 0.1213690
1520531888.510191 -0.1859072 0.2882847 -1.6655183 -0.1103844 0.9770036 -0.0098123 0.1821623
1520531888.610194 -0.1585994 0.2929989 -1.7305863 -0.0967478 0.9681997 -0.0068822 0.2306120
1520531888.759271 -0.1031816 0.3000653 -1.8100643 -0.0884987 0.9452111 0.0035954 0.3142151
1520531888.909275 -0.0366945 0.3220392 -1.8797882 -0.0937155 0.9186918 0.0090453 0.3835899
1520531889.059280 0.0366406 0.3486054 -1.9347377 -0.0956821 0.8805678 -0.0026490 0.4641533
1520531889.207439 0.1140612 0.3532888 -1.9494326 -0.0867491 0.8263068 -0.0159974 0.5562693
1520531889.257441 0.1369473 0.3521888 -1.9455018 -0.0808723 0.8031323 -0.0198222 0.5899537
1520531892.760097 0.0000000 0.0000000 0.0000000 -0.0000000 -0.0000000 -0.0000000 1.0000000
1520531892.810210 -0.0124406 0.0105102 0.0429577 0.0040538 -0.0252038 0.0060404 0.9996559
1520531892.910213 -0.0415939 0.0248385 0.1206542 0.0134804 -0.0786745 0.0109462 0.9967492
1520531892.960214 -0.0598942 0.0309071 0.1576580 0.0175923 -0.1107441 0.0125366 0.9936141
1520531893.060217 -0.1012343 0.0363820 0.2264926 0.0224927 -0.1787018 0.0159691 0.9835165
1520531893.110219 -0.1237238 0.0360476 0.2575809 0.0194383 -0.2155104 0.0196472 0.9761103
1520531893.160220 -0.1491245 0.0338133 0.2828815 0.0126704 -0.2558375 0.0224023 0.9663772
1520531893.211996 -0.1778451 0.0292863 0.3052939 0.0057350 -0.2970446 0.0244014 0.9545345
1520531893.311999 -0.2364572 0.0271991 0.3476876 0.0048667 -0.3631640 0.0209888 0.9314762
1520531893.412002 -0.3017161 0.0304225 0.3878863 0.0131594 -0.4141827 0.0190737 0.9098988
1520531893.512005 -0.3644912 0.0330845 0.4243981 0.0144403 -0.4531201 0.0218029 0.8910659
1520531893.612008 -0.4296464 0.0232376 0.4569383 0.0053426 -0.4778025 0.0218268 0.8781800
1520531893.762013 -0.5180830 0.0055503 0.4975777 -0.0044580 -0.5159720 0.0214162 0.8563262
1520531893.912018 -0.6144857 -0.0033189 0.5365089 -0.0099974 -0.5574318 0.0424617 0.8290760
1520531894.012021 -0.6840757 -0.0107655 0.5659209 -0.0121194 -0.5829043 0.0632283 0.8099864
1520531894.162026 -0.7849441 -0.0317640 0.6185964 -0.0149375 -0.6009057 0.0995887 0.7929511
1520531894.262029 -0.8465946 -0.0514870 0.6537294 -0.0195811 -0.6033207 0.1115866 0.7894107
1520531894.612040 -1.0526512 -0.0743717 0.8489545 -0.0251159 -0.5027642 0.1682814 0.8475133
1520531894.762045 -1.1125772 -0.0843815 0.9571349 -0.0342345 -0.4205756 0.1731656 0.8899201
1520531894.910609 -1.1536341 -0.0834001 1.0694834 -0.0562157 -0.3242393 0.1745307 0.9280342
1520531895.060615 -1.1877372 -0.0644064 1.1897892 -0.0599816 -0.2402887 0.1748221 0.9529431
1520531895.310158 -1.2243147 -0.0628539 1.3821833 -0.0501900 -0.1551246 0.1527020 0.9747305
1520531895.510165 -1.2476530 -0.0499412 1.5378891 -0.0533741 -0.1078174 0.1241583 0.9849424
1520531895.659132 -1.2625409 -0.0338369 1.6656250 -0.0515495 -0.0741339 0.1023431 0.9906425
1520531895.759136 -1.2656571 -0.0363750 1.7471497 -0.0574928 -0.0451296 0.0915168 0.9931176
1520531895.859139 -1.2660986 -0.0453671 1.8269193 -0.0645916 -0.0098739 0.0824224 0.9944530
1520531895.959142 -1.2616326 -0.0464239 1.9060212 -0.0582909 0.0212873 0.0823239 0.9946718
1520531896.107460 -1.2584727 -0.0312666 2.0284505 -0.0436269 0.0327157 0.0783661 0.9954322
1520531896.257464 -1.2608724 -0.0251873 2.1536369 -0.0344113 0.0211448 0.0769155 0.9962193
1520531896.407512 -1.2682097 -0.0385093 2.2719250 -0.0424335 -0.0009144 0.0885216 0.9951696
1520531896.505985 -1.2753386 -0.0429344 2.3484809 -0.0350632 -0.0099233 0.0820267 0.9959638
1520531896.605988 -1.2801888 -0.0368563 2.4346366 -0.0086552 -0.0130476 0.0617272 0.9979702
1520531896.755992 -1.2836777 -0.0293518 2.5702739 0.0105878 -0.0024473 0.0389172 0.9991834
1520531897.104915 -1.2669553 -0.0167304 2.8457880 -0.0302174 0.0248802 0.0541032 0.9977679
1520531897.254919 -1.2581015 0.0052255 2.9658542 -0.0250059 0.0220430 0.0499918 0.9981933
1520531897.404435 -1.2520101 0.0104422 3.0842817 -0.0340133 0.0091633 0.0418783 0.9985016
1520531897.554440 -1.2519088 0.0151331 3.2005026 -0.0391627 -0.0050997 0.0291417 0.9987947
1520531897.654443 -1.2530141 0.0271027 3.2835047 -0.0350125 0.0005700 0.0353681 0.9987608
1520531897.755038 -1.2523414 0.0387188 3.3698263 -0.0264064 0.0118111 0.0329183 0.9990394
1520531897.905043 -1.2508646 0.0383207 3.4973319 -0.0224984 0.0276594 0.0339615 0.9987870
1520531898.005046 -1.2464460 0.0343078 3.5761600 -0.0260488 0.0330790 0.0379251 0.9983932
1520531898.107041 -1.2451329 0.0404038 3.6546121 -0.0364445 0.0297909 0.0397662 0.9980997
1520531898.207044 -1.2446363 0.0532980 3.7362070 -0.0403148 0.0258088 0.0482566 0.9976873
1520531898.407050 -1.2413415 0.0626176 3.9073911 -0.0316513 0.0196400 0.0626832 0.9973382
1520531898.558913 -1.2395605 0.0552668 4.0257010 -0.0384407 0.0004991 0.0445500 0.9982671
1520531898.758919 -1.2418658 0.0688360 4.1889782 -0.0287857 -0.0077953 0.0284714 0.9991497
1520531898.908924 -1.2471297 0.0698722 4.3184671 -0.0271894 -0.0121249 0.0421677 0.9986670
1520531899.058048 -1.2417859 0.0655277 4.4403195 -0.0231047 -0.0169492 0.0520763 0.9982319
1520531899.258054 -1.2226590 0.0672122 4.6011310 -0.0060359 -0.0102871 0.0457759 0.9988806
1520531899.656682 -1.1849322 0.1000352 4.8867669 -0.0184983 -0.0678653 0.0574042 0.9958700
1520531899.805559 -1.1576288 0.1068063 4.9887962 -0.0025877 -0.0539124 0.0444953 0.9975505
1520531899.955564 -1.1225611 0.1148075 5.0876126 0.0168651 -0.0309932 0.0556930 0.9978243
1520531900.154762 -1.0743469 0.1152172 5.1960974 0.0097687 -0.0189053 0.0538081 0.9983245
1520531900.304767 -1.0350846 0.1159668 5.2650833 0.0138292 -0.0012973 0.0372126 0.9992108
1520531900.454771 -1.0025671 0.1218674 5.3198934 0.0234271 -0.0134078 0.0275710 0.9992554
1520531900.604561 -0.9784905 0.1299789 5.3598385 0.0084805 -0.0306898 0.0238920 0.9992074
1520531900.754566 -0.9578386 0.1365580 5.3955917 -0.0002717 -0.0239735 0.0341755 0.9991282
1520531901.555276 -0.9155735 0.1461966 5.4816580 -0.0066566 -0.0026438 0.0465432 0.9988905
1520531901.755282 -0.9041309 0.1484959 5.4792976 -0.0187409 0.0217957 0.0438154 0.9986261
1520531902.505617 -0.9121640 0.1479387 5.4741139 -0.0265362 0.0662633 0.0627689 0.9954724
1520531902.705705 -0.9013617 0.1526988 5.4780893 -0.0217871 0.0973805 0.0528496 0.9936042
1520531902.905711 -0.8881004 0.1647928 5.4785533 -0.0363172 0.1173213 0.0437098 0.9914668
1520531903.105786 -0.8704158 0.1657909 5.4769325 -0.0403227 0.1354515 0.0524726 0.9885716
1520531903.355794 -0.8508433 0.1661848 5.4696836 -0.0412871 0.1327245 0.0455395 0.9892451
1520531903.555818 -0.8364360 0.1659095 5.4631171 -0.0395453 0.1318865 0.0531331 0.9890496
1520531903.755824 -0.8232270 0.1649164 5.4546161 -0.0450100 0.1432794 0.0573912 0.9869911
1520531903.955733 -0.8005636 0.1720179 5.4466281 -0.0440205 0.2118449 0.0776162 0.9732212
1520531904.155739 -0.7489088 0.1922769 5.4278440 -0.0536672 0.3492979 0.0744705 0.9325047
1520531904.255487 -0.7175746 0.1994211 5.4105330 -0.0631381 0.4213047 0.0841801 0.9007938
1520532051.409660 -4.4373407 -3.0976076 19.4938030 0.4880109 0.5014091 0.4915402 0.5184811
1520532051.562317 -4.2054949 -3.0181799 19.5764389 0.4887757 0.5308200 0.4839322 0.4951143
1520532051.662321 -4.0697803 -2.9493680 19.6299820 0.4936274 0.5528805 0.4654268 0.4837695
1520532052.110163 -3.4187036 -2.7038498 19.5821571 0.4913852 0.6664309 0.4032873 0.3895766
1520532052.210167 -3.2759099 -2.6527662 19.5149765 0.4928391 0.7045640 0.3683691 0.3535583
1520532052.359445 -3.0949774 -2.5718055 19.3735352 0.4910648 0.7554106 0.3250394 0.2873318
1520532052.459448 -2.9884019 -2.5177565 19.2613106 0.4951884 0.7721912 0.3048737 0.2560496
1520532052.559451 -2.8912535 -2.4647589 19.1349602 0.5172143 0.7770199 0.2761462 0.2290694
1520532052.609452 -2.8475549 -2.4420197 19.0623474 0.5324118 0.7752680 0.2621337 0.2162942
1520532052.759326 -2.7290056 -2.3921010 18.8474121 0.5436916 0.7879419 0.2291863 0.1761274
1520532052.859329 -2.6745758 -2.3696835 18.7030811 0.5586839 0.7899063 0.2094822 0.1415542
1520532052.959332 -2.6141019 -2.3294876 18.5658112 0.5586002 0.7931923 0.2053578 0.1289961
1520532053.110403 -2.5257723 -2.2623253 18.3447151 0.5206888 0.8301216 0.1723385 0.1004035
1520532053.210406 -2.4803069 -2.2422371 18.1858616 0.5057296 0.8491815 0.1370976 0.0658238
1520532053.310410 -2.4465570 -2.2342696 18.0284882 0.5097384 0.8527586 0.1120230 0.0205019
1520532053.460413 -2.4087110 -2.2254865 17.7963123 0.5266447 0.8460985 0.0818218 0.0082384
1520532053.563652 -2.3793314 -2.1940386 17.6281548 0.5443960 0.8356048 0.0732979 0.0050080
1520532053.663655 -2.3449137 -2.1674342 17.4577389 0.5727946 0.8162622 0.0748314 0.0047670
1520532053.763658 -2.3022907 -2.1547213 17.2767124 0.5955311 0.7987697 0.0851660 -0.0075172
1520532053.863661 -2.2664242 -2.1471939 17.1067181 0.6150522 0.7823410 0.0964257 -0.0188580
1520532054.014894 -2.2086949 -2.1150141 16.8467236 0.6542243 0.7485082 0.1032816 -0.0325414
1520532054.214900 -2.1407979 -2.0642211 16.4843063 0.6958794 0.7121747 0.0864233 -0.0330155
1520532054.264902 -2.1224527 -2.0541248 16.3908443 0.7074816 0.7008808 0.0852577 -0.0310973
1520532054.663652 -2.0370095 -1.9765673 15.6990433 0.7612783 0.6394531 0.0952076 -0.0499071
1520532054.811822 -2.0103984 -1.9343598 15.4307528 0.7603556 0.6377155 0.1080920 -0.0591140
1520532055.110565 -1.9387023 -1.8733294 14.9368219 0.7394707 0.6631257 0.0943296 -0.0674484
1520532055.260570 -1.8894281 -1.8174741 14.6719122 0.6836891 0.7223737 0.0875878 -0.0554418
1520532055.410575 -1.8542041 -1.7874094 14.4207802 0.6311046 0.7690260 0.0808344 -0.0614145
1520532055.609906 -1.8360859 -1.7367182 14.0873842 0.5370959 0.8388035 0.0642936 -0.0616697
1520532055.759911 -1.8297980 -1.6618779 13.8263226 0.4548902 0.8862033 0.0745813 -0.0464371
1520532055.909915 -1.8052926 -1.6078551 13.5661554 0.3506839 0.9301207 0.1036363 -0.0339984
1520532056.060019 -1.7799700 -1.5505000 13.3186207 0.2377051 0.9642272 0.1168155 -0.0107917
1520532056.260025 -1.7703956 -1.4520347 12.9627609 0.1261474 0.9887508 0.0803191 0.0027913
1520532056.412026 -1.7682753 -1.4270872 12.6855373 0.0601222 0.9972980 0.0420284 0.0039733
1520532056.562031 -1.7721758 -1.4208425 12.4212952 0.0110577 0.9998981 0.0088090 -0.0019942
1520532056.763580 -1.7960216 -1.3660170 12.0571079 -0.0465104 0.9983906 -0.0137871 0.0293775
1520532057.413108 -1.7768590 -1.2303172 10.9071541 -0.1182121 0.9899498 0.0230675 0.0741166
1520532057.661983 -1.8174412 -1.2219685 10.4727116 -0.0873591 0.9948335 0.0466450 0.0223414
1520532057.861989 -1.8317901 -1.1849656 10.0912924 -0.0424204 0.9988692 -0.0123922 0.0175329
1520532058.160283 -1.8070555 -1.1642394 9.5745583 -0.0462122 0.9975613 0.0074764 0.0517687
1520532058.310288 -1.8018153 -1.1004866 9.3029480 -0.0573525 0.9965745 -0.0078415 0.0590654
1520532058.409239 -1.7998157 -1.0721357 9.1233225 -0.0649341 0.9962099 -0.0105511 0.0569051
1520532058.559243 -1.8054895 -1.0719930 8.8490143 -0.0782081 0.9956438 -0.0161738 0.0481195
1520532058.709248 -1.8310121 -1.0518329 8.5861673 -0.0870392 0.9955154 -0.0200814 0.0311457
1520532058.809295 -1.8448144 -1.0086545 8.3999338 -0.0811494 0.9964218 -0.0073356 0.0224585
1520532058.959299 -1.8464226 -0.9712288 8.1223288 -0.0752595 0.9966682 0.0092215 0.0300566
1520532059.059303 -1.8309214 -0.9750885 7.9435949 -0.0751000 0.9962928 0.0110164 0.0404897
1520532059.159306 -1.8178160 -0.9678398 7.7754431 -0.0681988 0.9959269 0.0230734 0.0542794
1520532059.261447 -1.8041707 -0.9258226 7.6000967 -0.0684924 0.9959126 0.0305021 0.0503652
1520532059.665519 -1.7930193 -0.8624814 6.9048748 -0.0711386 0.9968162 0.0350833 0.0081265
1520532059.965529 -1.8256369 -0.7836639 6.3772883 -0.0619572 0.9978027 0.0215014 0.0094289
1520532060.117212 -1.8126420 -0.8064192 6.1162758 -0.0703614 0.9970902 0.0030943 0.0291732
1520532060.367220 -1.7977725 -0.7351816 5.7047381 -0.0791843 0.9961925 0.0108358 0.0348309
1520532060.467223 -1.7964625 -0.7072692 5.5339646 -0.0863337 0.9957363 0.0190579 0.0263190
1520532060.617227 -1.7866853 -0.7047223 5.2798238 -0.0856359 0.9961174 0.0196423 0.0055542
1520532060.767232 -1.7930655 -0.6855874 5.0344143 0.0821753 -0.9956487 -0.0430739 0.0086940
1520532060.967238 -1.7863461 -0.6242312 4.6780920 -0.0872051 0.9961650 0.0069494 0.0015628
1520532061.167244 -1.7513621 -0.6173785 4.3269706 -0.0865910 0.9956317 -0.0080817 0.0339713
1520532061.316160 -1.7300954 -0.5768557 4.0774412 -0.0900739 0.9945161 0.0071537 0.0526632
1520532061.516166 -1.7216784 -0.5024070 3.7127318 -0.0907004 0.9950651 0.0104915 0.0388448
1520532061.616170 -1.7080936 -0.5070147 3.5309343 -0.0845213 0.9960842 0.0014785 0.0258896
1520532061.764344 -1.7006916 -0.5050528 3.2755454 -0.0774316 0.9969601 -0.0034454 0.0079473
1520532062.263106 -1.6350502 -0.4074754 2.4095118 -0.0659407 0.9954095 0.0030176 0.0693012
1520532062.512211 -1.6136488 -0.2957366 1.9683082 -0.0834265 0.9946994 0.0019662 0.0600793
1520532062.762219 -1.6056933 -0.2926848 1.5264366 -0.0753979 0.9971431 -0.0034270 0.0030349
1520532062.960843 -1.6225250 -0.2215702 1.1787108 0.0672344 -0.9976308 -0.0139170 0.0043296
1520532063.160850 -1.6035204 -0.1971036 0.8375995 -0.0819438 0.9957482 0.0336835 0.0252241
1520532063.359789 -1.5775608 -0.1861350 0.5005895 -0.0806995 0.9957610 0.0093333 0.0431339
1520532063.459791 -1.5775881 -0.1462056 0.3283941 -0.0729391 0.9964517 0.0072052 0.0413787
1520532063.609796 -1.5827056 -0.1099556 0.0704281 -0.0883581 0.9958952 0.0088778 0.0175169
1520532063.759532 -1.5902170 -0.1057413 -0.1856580 0.0936357 -0.9954736 -0.0161330 0.0021404
1520532063.959474 -1.6002121 -0.0452811 -0.5256992 0.0820128 -0.9965352 -0.0124028 0.0061415
1520532064.059477 -1.5982374 -0.0158699 -0.7017280 -0.0749168 0.9971624 0.0031335 0.0067033
1520532064.210581 -1.5744081 -0.0141061 -0.9503151 -0.0787079 0.9962772 0.0222343 0.0272461
1520532064.260582 -1.5659362 -0.0114259 -1.0300746 -0.0812863 0.9956408 0.0306321 0.0339682
1520532064.762377 -1.5229971 0.0846554 -1.8801887 -0.1109110 0.9936986 -0.0061744 0.0149621
1520532064.962207 -1.5287061 0.1388170 -2.2036586 0.0885269 -0.9958688 -0.0200906 0.0021879
1520532065.112212 -1.5100312 0.1841100 -2.4597929 -0.0762391 0.9966273 0.0228827 0.0199502
1520532065.262216 -1.4706366 0.1772992 -2.7127655 -0.0819605 0.9959093 0.0165227 0.0342685
1520532065.411193 -1.4488206 0.2047833 -2.9531064 -0.0893020 0.9945679 0.0257413 0.0468761
1520532065.561198 -1.4489692 0.2624128 -3.2066441 -0.0919639 0.9944828 0.0254451 0.0435771
1520532065.661201 -1.4394742 0.2670987 -3.3790059 -0.0923050 0.9953761 0.0098658 0.0246774
1520532065.810185 -1.4409846 0.2539609 -3.6338518 0.0963503 -0.9952454 -0.0082975 0.0115862
1520532065.960189 -1.4450129 0.2947519 -3.8811989 0.0822811 -0.9962246 -0.0168173 0.0219925
1520532066.159896 -1.4389988 0.3679063 -4.2278066 -0.0861515 0.9961788 0.0139402 0.0033499
1520532066.309901 -1.3992414 0.3762727 -4.4721823 -0.0819918 0.9953208 0.0368543 0.0354371
1520532066.459906 -1.3706666 0.4160004 -4.7199035 -0.0821696 0.9946033 0.0454567 0.0441160
1520532066.561447 -1.3649622 0.4472498 -4.8995762 -0.0768442 0.9961105 0.0157456 0.0401383
1520532066.711452 -1.3492289 0.4444065 -5.1653361 -0.0934554 0.9950105 -0.0315594 0.0149784
1520532066.761453 -1.3465241 0.4365538 -5.2529368 -0.0967816 0.9947317 -0.0332097 0.0062742
1520532067.364890 -1.3231407 0.5456639 -6.2653809 -0.0729785 0.9971047 0.0133363 0.0166925
1520532067.517443 -1.3155361 0.5848536 -6.5383224 -0.0796345 0.9963853 0.0113927 0.0272957
1520532067.717449 -1.3095675 0.6409006 -6.8820972 -0.1029665 0.9946754 -0.0005916 0.0043067
1520532067.967457 -1.3316510 0.6694705 -7.2960019 0.0646767 -0.9957408 -0.0017195 0.0656821
1520532068.067460 -1.3471885 0.7038466 -7.4671493 0.0399662 -0.9956959 -0.0046793 0.0834877
1520532068.267467 -1.3324814 0.7289404 -7.8023286 0.0620154 -0.9969587 0.0036005 0.0470560
1520532068.417471 -1.2986599 0.7230816 -8.0415869 -0.0740632 0.9972476 -0.0017608 0.0029410
1520532068.567476 -1.2899646 0.7737001 -8.2872915 -0.0885781 0.9956849 -0.0040400 0.0273682
1520532068.767482 -1.2914493 0.8188392 -8.6217041 -0.0966425 0.9951872 -0.0059012 0.0151002
1520532068.867485 -1.3030069 0.8248357 -8.7867250 0.0962135 -0.9951650 -0.0136274 0.0142735
1520532069.017490 -1.3233323 0.8551505 -9.0188761 0.0709174 -0.9963645 -0.0353616 0.0312769
1520532069.167494 -1.3280774 0.9098353 -9.2665043 0.0779464 -0.9967715 -0.0160576 0.0106410
1520532069.267497 -1.3222057 0.9109739 -9.4350758 -0.0926227 0.9953849 0.0140741 0.0207831
1520532069.667511 -1.2516029 0.9872794 -10.0586605 -0.0917008 0.9924135 0.0087417 0.0814253
1520532069.817515 -1.2302444 0.9986671 -10.2982054 -0.0956903 0.9932701 0.0210011 0.0617814
1520532069.966445 -1.2330462 0.9931976 -10.5183897 -0.0871835 0.9953330 0.0288423 0.0296571
1520532070.216453 -1.2435366 1.0544593 -10.8861408 -0.0696360 0.9972481 0.0145626 0.0208571
1520532070.363823 -1.2443969 1.0654359 -11.1005526 -0.0760809 0.9960583 0.0331081 0.0313610
1520532070.613832 -1.2363895 1.1079602 -11.4464188 -0.0806284 0.9953958 0.0398951 0.0330873
1520532070.861919 -1.2411865 1.1462266 -11.8200512 -0.0973535 0.9946838 0.0165415 0.0292003
1520532071.011924 -1.2370795 1.1408807 -12.0354128 -0.0954923 0.9950088 0.0250782 0.0144769
1520532071.160752 -1.2399181 1.1766027 -12.2514505 -0.0898568 0.9956741 0.0230429 0.0052974
1520532071.310757 -1.2321007 1.2208340 -12.4724712 -0.0911797 0.9954490 0.0104334 0.0256660
1520532071.461060 -1.1968627 1.2257984 -12.6729965 -0.0951168 0.9909896 0.0186403 0.0924379
1520532071.661066 -1.1183596 1.2593131 -12.9211264 -0.1124841 0.9760039 0.0265616 0.1845481
1520532072.162595 -0.7847748 1.4006131 -13.4165821 -0.1239444 0.9063265 0.0337296 0.4025820
1520532072.262598 -0.6916342 1.4483433 -13.4868898 -0.1233983 0.8894212 0.0420785 0.4381008
1520532072.514292 -0.4506969 1.5260876 -13.6374292 -0.1077430 0.8276545 0.0424553 0.5491604
1520532072.713535 -0.2607660 1.5624790 -13.6874180 -0.1025209 0.7754918 0.0541362 0.6206216
1520532072.913542 -0.0853338 1.6279235 -13.7352324 -0.0940726 0.7417735 0.0589461 0.6613983
1520532073.063547 0.0158234 1.6226462 -13.7572823 -0.0757344 0.7232975 0.0514956 0.6844364
1520532073.562132 -0.0877924 1.5967176 -13.8147659 -0.0480443 0.5546829 0.0551461 0.8288411
1520532073.662124 -0.1686049 1.5870869 -13.8230934 -0.0466350 0.5223525 0.0590566 0.8494030
1520532073.812129 -0.3000183 1.5689462 -13.8258839 -0.0405724 0.4875547 0.0663578 0.8696212
1520532073.912132 -0.4027958 1.5577089 -13.8230782 -0.0347094 0.4597968 0.0738241 0.8842694
1520532074.012816 -0.5170898 1.5367246 -13.8075771 -0.0320425 0.4179095 0.0935767 0.9030883
1520532074.162820 -0.6855364 1.4902555 -13.7920570 -0.0335945 0.3631629 0.1150998 0.9239785
1520532074.262824 -0.7979908 1.4580749 -13.7900753 -0.0237455 0.3095384 0.1214256 0.9428031
1520532074.663722 -1.2229378 1.3832698 -13.7993841 -0.0152570 0.0718159 0.1431011 0.9869812
1520532074.812287 -1.3674991 1.3461308 -13.7628441 -0.0057419 0.0024285 0.1415467 0.9899120
1520532075.112296 -1.5394766 1.2551048 -13.5766506 0.0534206 -0.0444209 0.1652677 0.9837986
1520532075.461846 -1.6190221 1.2262061 -13.2451105 0.0489458 -0.0535093 0.1635879 0.9838598
1520532075.611636 -1.6337888 1.2036697 -13.0792894 0.0477597 -0.0657777 0.1600807 0.9837513
1520532075.761640 -1.6318988 1.1603411 -12.9178457 0.0444871 -0.0806768 0.1556055 0.9835137
1520532075.911645 -1.6350325 1.1513644 -12.7259216 0.0427034 -0.0788137 0.1424695 0.9857319
1520532076.013016 -1.6301084 1.1631249 -12.5890398 0.0291985 -0.0643691 0.1412971 0.9874408
1520532076.113019 -1.6230350 1.1517076 -12.4462662 0.0169570 -0.0427616 0.1396462 0.9891324
1520532076.213023 -2.2321348 0.8805504 -11.9248466 0.0075064 0.0125156 0.1037817 0.9944931
1520532076.363028 -2.1953554 0.8556386 -11.7380400 0.0099888 0.0390883 0.1073646 0.9934009
1520532076.565646 -2.1795769 0.8546638 -11.4650640 0.0351059 0.0436443 0.1261795 0.9904248
1520532076.665649 -2.1605523 0.8439313 -11.3255291 0.0640443 0.0335602 0.1227883 0.9897954
1520532077.067741 -2.1476405 0.8135335 -10.7948933 0.0483619 -0.0241502 0.1124448 0.9921864
1520532077.167744 -2.1404185 0.8099955 -10.6527119 0.0590238 -0.0205666 0.1069462 0.9922982
1520532077.317749 -2.1230834 0.7733694 -10.4492130 0.0481125 0.0090617 0.1020186 0.9935771
1520532077.467754 -2.0944037 0.7651656 -10.2455082 0.0327108 0.0321787 0.1130099 0.9925339
1520532077.667760 -2.0762148 0.7911367 -9.9623346 0.0327993 0.0180720 0.1133228 0.9928523
1520532077.867767 -2.0575223 0.7352803 -9.6905880 0.0366253 -0.0208252 0.1094851 0.9930952
1520532078.067772 -2.0523083 0.7293448 -9.4139214 0.0534037 -0.0329555 0.0962246 0.9933795
1520532078.317780 -2.0274472 0.6963995 -9.0519285 0.0548973 0.0056352 0.0972741 0.9937266
1520532078.467790 -2.0005651 0.6735238 -8.8492126 0.0263613 0.0239109 0.1103052 0.9932604
1520532078.667791 -1.9905149 0.7028121 -8.5602036 0.0139322 0.0213542 0.1178093 0.9927089
1520532078.817796 -1.9855614 0.6699653 -8.3562622 0.0224699 0.0001046 0.1144881 0.9931704
1520532079.067804 -1.9970344 0.6519246 -8.0274611 0.0035738 -0.0417786 0.0874387 0.9952871
1520532079.217808 -1.9863240 0.6413124 -7.8074508 0.0320362 -0.0240398 0.0719713 0.9966022
1520532079.265626 -1.9873513 0.6299529 -7.7407074 0.0391711 -0.0098341 0.0769299 0.9962183
1520532079.713330 -1.9509445 0.5812351 -7.1193814 0.0477461 0.0178293 0.1095304 0.9926760
1520532079.913336 -1.9560828 0.5222754 -6.8552918 0.0738259 -0.0192089 0.1089438 0.9911166
1520532080.111605 -1.9859107 0.5238926 -6.5905886 0.0451002 -0.0548623 0.1107316 0.9913095
1520532080.311599 -1.9879057 0.5269547 -6.3184094 0.0261225 -0.0474167 0.0829857 0.9950793
1520532080.510731 -1.9619547 0.4826636 -6.0489893 0.0226622 0.0008969 0.0974595 0.9949811
1520532080.660736 -1.9542289 0.4825606 -5.8357358 0.0440341 0.0080984 0.1161511 0.9922218
1520532080.810740 -1.9542152 0.4714190 -5.6267929 0.0579679 -0.0003616 0.1169690 0.9914424
1520532081.060493 -1.9624879 0.4259710 -5.3079581 0.0425028 -0.0529387 0.1006270 0.9926053
1520532081.210500 -1.9634773 0.4424413 -5.0967126 0.0613874 -0.0605945 0.0938588 0.9918420
1520532081.361452 -1.9549479 0.4237493 -4.8882742 0.0532484 -0.0400883 0.0900126 0.9937079
1520532082.112515 -1.9382970 0.3236577 -3.8928828 0.0429104 -0.0512028 0.1008326 0.9926580
1520532082.661519 -1.9279587 0.2739488 -3.1674209 0.0290403 0.0040294 0.0991529 0.9946402
1520532083.060606 -1.9268732 0.2285765 -2.6519129 0.0373066 -0.0272358 0.1093954 0.9929246
1520532083.410595 -1.9371580 0.2362475 -2.1943812 0.0119605 -0.0207440 0.0950601 0.9951836
1520532083.710518 -1.9023740 0.1835592 -1.8010935 0.0280075 0.0235955 0.1018551 0.9941250
1520532084.062093 -1.9025637 0.1585360 -1.3506820 0.0196091 -0.0011919 0.1206776 0.9924973
1520532084.265664 -1.8942249 0.1472349 -1.0911304 0.0217611 0.0141054 0.0997080 0.9946787
1520532084.917189 -1.7048250 0.1215622 -0.2747086 0.0441507 0.1767595 0.1378051 0.9735586
1520532085.367063 -1.4486783 0.1290098 0.2112847 0.0250689 0.3116642 0.1564407 0.9368903
1520532085.666958 -1.1855772 0.1409094 0.4262858 -0.0042674 0.4863227 0.1761163 0.8558360
1520532085.867647 -0.9779865 0.1634501 0.5207087 -0.0027879 0.5650799 0.1633495 0.8086990
1520532086.117655 -0.7429270 0.1864303 0.6020340 -0.0199510 0.5974277 0.0943082 0.7961081
1520532086.317234 -0.5759798 0.2006527 0.6765310 -0.0282559 0.5822045 0.0319348 0.8119235
1520532086.567241 -0.3901281 0.2150633 0.8093196 -0.0265874 0.5274457 -0.0025442 0.8491688
1520532086.765944 -0.2730815 0.1632620 0.9114424 -0.0286593 0.4731493 0.0149814 0.8803886
1520532087.515137 0.0737273 0.1647001 1.3696291 0.0564402 0.3158240 0.0922020 0.9426392
1520532087.914436 0.3050222 0.1644631 1.5351684 0.0351950 0.4188758 0.1136030 0.9002215
1520532088.411920 0.6438315 0.1581047 1.6263518 0.0808939 0.6347352 0.0693483 0.7653485
1520532088.860135 0.7673813 0.2412237 1.4850948 0.0447983 0.9371544 -0.0188365 0.3455143
1520532089.259972 0.5342954 0.1931325 1.3365492 -0.0276811 0.9933136 -0.1076878 -0.0310647
1520532091.416287 0.0135392 0.2625131 0.1671131 0.0104883 0.9990429 0.0002392 -0.0424667
1520532091.716296 -0.0250426 0.2539801 -0.0686783 -0.0214187 0.9981718 -0.0130556 -0.0549882
1520532092.116650 -0.1025208 0.2680559 -0.3822769 -0.1123158 0.9858415 -0.0314111 -0.1204776
1520532092.367167 -0.1603137 0.2549688 -0.5586415 -0.1567563 0.9762207 -0.0215984 -0.1481700
1520532092.667178 -0.1917730 0.2276600 -0.7918781 -0.1735329 0.9765663 -0.1049586 -0.0720303
1520532093.017188 -0.1094162 0.2114502 -1.0072938 -0.1474863 0.9727588 -0.1450493 0.1046353
1520532093.315588 0.0060430 0.2215087 -1.0833559 -0.0666063 0.9346500 -0.1686515 0.3058586
1520532093.713593 0.1540442 -0.0033692 -0.9983856 0.0585595 0.7363652 -0.1613301 0.6544538
1520532094.162619 0.0730492 0.2510249 -0.6674891 0.1170240 0.4372365 0.0006625 0.8917003
1520532094.713351 0.0170732 0.2611358 -0.2567597 0.0364779 0.1657580 0.1064370 0.9797270
1520532095.768325 -0.2293702 0.0507769 0.4312946 0.0551859 -0.3158253 0.0509659 0.9458390
1520532096.618352 -0.7610753 -0.0330851 0.5809674 0.1103989 -0.6797127 0.0663548 0.7220802
1520532098.860729 -1.7099288 -0.1321961 0.2039897 0.0865102 -0.9950583 -0.0485801 0.0038737
1520532099.260742 -1.6866634 -0.0894760 -0.4303796 -0.0636019 0.9959186 0.0370544 0.0522310
1520532099.862926 -1.6893395 0.0043204 -1.3942536 -0.0816521 0.9964585 0.0093274 0.0177851
1520532100.163573 -1.7079867 0.0735471 -1.8911418 -0.1125975 0.9924394 -0.0313966 0.0374206
1520532100.612924 -1.7169982 0.1685517 -2.6050897 -0.1266905 0.9911851 -0.0128318 0.0365666
1520532101.111877 -1.7157812 0.2457290 -3.4155850 -0.1063989 0.9942846 -0.0025113 0.0084427
1520532101.611077 -1.5467870 0.3537109 -4.1941390 -0.1140071 0.9816986 0.0147174 0.1518345
1520532101.761096 -1.4461207 0.3736320 -4.4204698 -0.1076504 0.9752241 0.0159424 0.1926016
1520532102.361798 -0.8617153 0.5107480 -5.1291718 -0.0807862 0.8864604 0.0463531 0.4533356
1520532102.760696 -0.3608613 0.6315140 -5.3945894 -0.0413802 0.8279084 0.0719186 0.5546920
1520532103.109963 0.0563397 0.7262978 -5.5582695 -0.0123323 0.7872759 0.0708970 0.6123874
1520532103.709764 0.8195515 0.9457554 -5.7631626 0.0081564 0.7273591 0.0945662 0.6796613
1520532104.009969 1.2231116 1.0064720 -5.8849292 -0.0017886 0.7206494 0.1031476 0.6855814
1520532104.610741 1.9456997 1.0046991 -6.2370200 0.0525429 0.6892222 0.0534223 0.7206650
1520532104.810744 2.1530733 0.9475790 -6.4015160 0.0766934 0.6878561 0.0186606 0.7215427
1520532105.010370 2.3429794 0.9670589 -6.5958877 0.0762579 0.6948465 0.0105010 0.7150264
1520532105.260377 2.4841828 1.1889096 -6.8504696 0.0404725 0.6678133 0.0776668 0.7391585
1520532106.410054 2.5421028 1.9141166 -8.4850960 -0.1154457 0.7838249 0.1659233 0.5871630
1520532106.610061 2.5621109 1.8445174 -8.7450314 -0.1505930 0.7899001 0.1143751 0.5833507
1520532106.760338 2.6109886 1.7184833 -8.8492088 -0.1478952 0.7936358 0.0733026 0.5855733
1520532107.159874 2.6845889 1.3768837 -8.7302828 -0.0830184 0.8052545 0.0061032 0.5870571
1520532107.309879 2.6644034 1.3191705 -8.5829258 -0.0578962 0.7936978 0.0030685 0.6055431
1520532109.159754 2.6661191 1.1482164 -7.0491419 0.2493874 0.6417034 -0.1165864 0.7158424
1520532111.159862 2.6081843 1.4080123 -8.0790377 0.0143962 0.5052585 0.1214002 0.8542650
1520532116.709897 2.3902059 1.6508486 -7.3099928 -0.2029242 0.3905400 0.2799409 0.8531902
1520532117.111084 2.4968734 1.1433160 -7.2547512 0.0302276 0.3749987 0.3184426 0.8700901
1520532117.360637 2.6590269 1.1043499 -7.5059037 0.1099510 0.4841465 0.3644590 0.7878342
1520532117.610646 2.6972699 1.4669785 -7.8362784 -0.0343116 0.6313420 0.4131591 0.6553851
1520532118.910017 2.4920983 1.5611370 -7.6953239 -0.1884721 0.5354696 -0.0625369 0.8208775
1520532119.560599 2.4824972 1.3481524 -6.9658103 -0.0087939 0.5186566 0.1077157 0.8481246
1520532119.810317 2.6919923 1.1641803 -6.8723254 0.0519680 0.5541340 0.1045414 0.8242002
1520532120.060325 2.8640494 1.0701425 -6.8545914 0.1002325 0.5437145 0.1621270 0.8173388
1520532120.260087 3.0002007 1.1770875 -6.9207668 0.0906935 0.5611734 0.1596531 0.8070750
1520532121.560822 2.5318160 2.0355444 -8.4942570 -0.1351458 0.7141777 0.1597778 0.6679498
1520532121.760965 2.4460354 1.9873811 -8.7733583 -0.1486628 0.7562770 0.1582278 0.6171780
1520532122.360538 2.5462036 1.4365678 -9.0058603 -0.0904041 0.7975650 -0.0257167 0.5958655
1520532122.660206 2.5704579 1.3277839 -8.6521702 -0.0408504 0.7393869 -0.0000496 0.6720403
1520532123.360245 2.3571844 1.7860639 -7.6251535 -0.1585138 0.5294026 0.1644699 0.8170410
1520532123.810741 2.5798926 1.5585335 -7.2441587 0.0009615 0.5350820 0.1167390 0.8366948
1520532124.160752 2.7880936 1.4622264 -7.3592148 -0.0163149 0.6102282 0.1356280 0.7803592
1520532125.460390 2.7564254 1.5536561 -7.8139706 -0.0348268 0.7148317 0.0946540 0.6919851
1520532125.860336 2.7507243 1.5674938 -7.7947087 -0.0383829 0.7035730 0.0993145 0.7026012
1520532126.660361 2.7417688 1.5717623 -7.7800789 -0.0343057 0.6987716 0.0873099 0.7091674
1520532127.660436 2.7296734 1.5768571 -7.7833409 -0.0333067 0.7038832 0.0883937 0.7040069
1520532128.010390 2.7312269 1.5741123 -7.7846580 -0.0322638 0.7043005 0.0872647 0.7037788
1520532128.360392 2.7304459 1.5748336 -7.7845578 -0.0264851 0.7041133 0.0866799 0.7042795
