1520511143.106653 0.0000000 0.0000000 0.0000000 -0.0000000 -0.0000000 -0.0000000 1.0000000
1520511149.156782 0.6381761 -0.0092424 0.0368695 0.0167264 -0.0284720 -0.0295386 0.9990180
1520511149.406879 0.6224830 0.0205781 0.1108955 -0.0165272 -0.0319282 -0.0227676 0.9990942
1520511154.207513 -0.6337416 0.0895384 0.1694135 -0.1463616 -0.0031452 -0.0387068 0.9884686
1520511154.357517 -0.6595585 0.1618734 0.1157369 -0.1808568 0.0060628 -0.0228673 0.9832249
1520511154.607946 -0.6989681 0.2276981 0.0293215 -0.1922862 0.0177001 -0.0267691 0.9808141
1520511157.108146 -0.8405436 0.2744379 -0.6534128 -0.1903129 0.0543036 -0.0110615 0.9801581
1520511164.308258 0.1807920 0.2026652 -0.5587652 -0.2121721 0.0629307 -0.0150479 0.9750878
1520511165.057997 0.1130914 -0.1042980 -0.5799004 -0.0064058 0.0480388 -0.0594297 0.9970554
1520511166.607573 0.3167220 0.1398861 -0.4247293 -0.1356274 0.0943053 -0.0149504 0.9861482
1520511166.857581 0.3432259 0.1736059 -0.3702278 -0.1732865 0.1115880 -0.0120638 0.9784551
1520511173.507591 -0.7871486 0.2163305 -0.5319148 -0.0986052 0.0007712 -0.0289219 0.9947060
1520511173.807600 -0.8362079 0.2629739 -0.5018632 -0.1611271 -0.0047479 -0.0464008 0.9858308
1520511174.008026 -0.8945852 0.1717088 -0.3801705 -0.0366380 -0.0004288 -0.0255677 0.9990014
1520511175.857418 -0.7186195 0.1846134 0.1456393 -0.0885215 0.1007958 -0.0065566 0.9909396
1520511179.108348 0.0639368 -0.1238506 -0.4042930 -0.0391542 0.0518644 -0.0450728 0.9968679
1520511180.508307 0.4740348 0.1650369 -0.2275900 -0.1978005 0.0766241 0.0006475 0.9772428
1520511181.358187 0.5062241 -0.2114176 0.1252234 0.0242448 -0.0321168 -0.0560505 0.9976168
1520511187.208119 -0.6687607 0.1121053 -0.4178059 -0.0755995 -0.0187805 -0.4291635 0.8998614
1520511187.508366 -0.7024242 0.0927406 -0.4026922 -0.0144634 -0.0230184 -0.1176732 0.9926803
1520511187.808116 -0.5977235 0.0676610 -0.3692424 0.0185425 0.2531248 0.1229344 0.9594119
1520511188.058124 -0.4865141 0.0737688 -0.3636057 0.0201782 0.4060224 0.0674286 0.9111488
1520511188.658072 -0.4810126 0.0502245 -0.2881590 0.0450015 -0.1532720 -0.0352180 0.9865305
1520511189.157949 -0.2357118 0.0321822 -0.2350894 0.0563122 0.3183745 0.0192969 0.9460943
1520511189.357999 -0.1539221 0.0356134 -0.2459621 0.0245117 0.3615818 0.0038240 0.9320104
1520511189.958067 -0.1537398 0.0242877 -0.2213910 0.0433059 -0.2444251 -0.0590145 0.9669014
1520511190.707988 0.1718115 -0.0119679 -0.1442769 0.0531215 0.3193985 0.0116968 0.9460582
1520511191.308152 0.1439666 0.0037676 -0.1252080 0.0154740 -0.3135249 -0.0539739 0.9479186
1520511191.658062 0.2166116 -0.0072575 -0.0576874 0.0330052 -0.1978394 -0.0319567 0.9791573
1520511192.108078 0.4073226 -0.0181960 0.0010372 0.0393016 0.1600061 -0.0015909 0.9863321
1520511192.508188 0.5291970 -0.0129539 0.0349285 0.0014453 0.1712049 -0.0116979 0.9851650
1520511192.808445 0.6181215 -0.0162467 0.1139536 -0.0004501 0.1788291 -0.0140641 0.9837795
1520511193.008451 0.6810000 -0.0375456 0.1913787 0.0138434 0.1670936 -0.0271147 0.9854710
1520511193.208626 0.7511972 -0.0727483 0.2639417 0.0395423 0.1816428 -0.0272397 0.9821915
1520511193.458793 0.8330485 -0.0839958 0.3478183 0.0476282 0.1787753 -0.0312325 0.9822401
1520511193.708800 0.9036242 -0.0808567 0.4425432 0.0281109 0.1397980 -0.0387621 0.9890217
1520511194.009350 0.9600554 -0.0934123 0.5670231 0.0178663 0.0817230 -0.0346459 0.9958925
1520511194.259357 1.0007671 -0.0927095 0.6958712 0.0130416 0.0548716 -0.0391412 0.9976408
1520511194.459732 1.0367970 -0.1227342 0.7973570 0.0348813 0.0600890 -0.0568691 0.9959612
1520511194.659738 1.0661516 -0.1375186 0.8887956 0.0471628 0.0361045 -0.0537868 0.9967844
1520511194.859846 1.0914748 -0.1260805 0.9875036 0.0421661 0.0003058 -0.0561966 0.9975290
1520511195.059853 1.1063460 -0.1307626 1.0792847 0.0144249 -0.0410976 -0.0537686 0.9976031
1520511195.260033 1.1037090 -0.1278702 1.1660001 0.0101909 -0.1028582 -0.0660801 0.9924464
1520511195.460042 1.0751305 -0.1209965 1.2610806 -0.0174146 -0.1479145 -0.0664824 0.9866095
1520511195.610766 1.0543689 -0.1227711 1.3293217 -0.0436241 -0.1715729 -0.0758401 0.9812788
1520511195.860774 0.9968314 -0.1514687 1.4312241 -0.0099686 -0.2417004 -0.0578175 0.9685757
1520511196.312626 0.8361294 -0.1239169 1.5832167 -0.0273285 -0.4254026 -0.0602066 0.9025858
1520511196.764332 0.6113918 -0.1087545 1.6594540 -0.0079886 -0.5764351 -0.0647674 0.8145331
1520511196.914337 0.5331171 -0.1228135 1.6825439 0.0057769 -0.5965657 -0.0643711 0.7999576
1520511197.314418 0.3190885 -0.1012866 1.7479022 0.0159094 -0.6304443 -0.0144350 0.7759373
1520511197.714282 0.0864487 -0.0895155 1.7713540 -0.0175150 -0.6879076 -0.0202537 0.7253042
1520511198.063692 -0.1293929 -0.0759979 1.7561976 -0.0079414 -0.7101094 -0.0119175 0.7039458
1520511198.363160 -0.3016405 -0.0637215 1.7606647 -0.0145777 -0.7137153 -0.0121935 0.7001781
1520511198.613167 -0.4558092 -0.0483663 1.7681884 -0.0304296 -0.7206080 0.0062841 0.6926461
1520511198.812663 -0.5763601 -0.0539943 1.7567056 -0.0201514 -0.7436128 0.0100030 0.6682320
1520511199.062671 -0.7438446 -0.0242927 1.7413589 -0.0272227 -0.7504516 0.0213453 0.6600195
1520511199.211972 -0.8398719 -0.0287502 1.7337908 -0.0277468 -0.7379873 0.0148629 0.6740800
1520511199.711296 -1.1685379 0.0081055 1.7478105 -0.0123961 -0.7291392 -0.0011778 0.6842521
1520511199.911303 -1.2986562 -0.0014287 1.7306619 -0.0055877 -0.7604267 -0.0036330 0.6493897
1520511200.060625 -1.3909798 0.0185375 1.7135814 -0.0196591 -0.7763506 -0.0106830 0.6299042
1520511200.360635 -1.5954456 0.0172052 1.6979330 -0.0121198 -0.7581351 -0.0032565 0.6519768
1520511200.460091 -1.6584092 0.0147991 1.6979434 -0.0135160 -0.7488370 0.0003707 0.6626161
1520511200.710098 -1.8240260 0.0596793 1.6969417 -0.0212822 -0.7304540 -0.0060384 0.6826035
1520511200.859596 -1.9202933 0.0574985 1.6878563 -0.0170762 -0.7512317 -0.0036999 0.6598073
1520511200.959599 -1.9828235 0.0548119 1.6794713 -0.0124319 -0.7646930 0.0001670 0.6442747
1520511201.059602 -2.0418558 0.0602453 1.6655219 -0.0065462 -0.7756910 -0.0052592 0.6310569
1520511201.209607 -2.1389158 0.0830631 1.6450311 -0.0193387 -0.7874160 0.0043244 0.6161035
1520511201.359262 -2.2376094 0.0895989 1.6319389 -0.0201250 -0.7802144 0.0046167 0.6251714
1520511201.509267 -2.3358984 0.0823096 1.6319487 -0.0078073 -0.7658828 -0.0012187 0.6429317
1520511201.709086 -2.4628611 0.1086863 1.6380136 -0.0138570 -0.7425921 -0.0146156 0.6694410
1520511201.909092 -2.6012681 0.1271352 1.6470687 -0.0006991 -0.7353473 -0.0059923 0.6776636
1520511202.059145 -2.6969204 0.1211106 1.6423397 -0.0084909 -0.7541932 -0.0101779 0.6565188
1520511202.209149 -2.7855654 0.1341719 1.6270328 -0.0029193 -0.7781461 -0.0184448 0.6278057
1520511202.359154 -2.8828154 0.1586052 1.6139536 -0.0204591 -0.7828649 -0.0248863 0.6213571
1520511202.509336 -2.9904356 0.1535815 1.6113045 -0.0032382 -0.7564193 -0.0108731 0.6539887
1520511202.759344 -3.1524591 0.1487057 1.6108260 -0.0054345 -0.7327089 0.0148071 0.6803594
1520511202.909348 -3.2501383 0.1766340 1.6132095 -0.0079273 -0.7262574 -0.0004444 0.6873770
1520511203.059353 -3.3475790 0.1865126 1.6123186 -0.0173697 -0.7344626 0.0056253 0.6784036
1520511203.259359 -3.4656565 0.1810836 1.6007335 -0.0121207 -0.7593040 -0.0047318 0.6506060
1520511203.409206 -3.5603569 0.2030465 1.5972514 -0.0044772 -0.7617775 -0.0065515 0.6477903
1520511203.559210 -3.6590228 0.2200657 1.5959399 -0.0060029 -0.7389966 -0.0109983 0.6735926
1520511203.758996 -3.7796202 0.2092568 1.6012181 -0.0023309 -0.7176493 -0.0132351 0.6962750
1520511203.959002 -3.8990989 0.2378832 1.6129831 -0.0044132 -0.7090644 -0.0289876 0.7045338
1520511204.158799 -4.0275936 0.2504940 1.6280750 -0.0040202 -0.7064137 -0.0163180 0.7075996
1520511204.358806 -4.1461220 0.2480302 1.6281693 -0.0022855 -0.7247234 -0.0257400 0.6885551
1520511204.508646 -4.2337375 0.2694109 1.6229863 -0.0052120 -0.7382846 -0.0303092 0.6737878
1520511204.708653 -4.3637705 0.2777152 1.6134653 0.0071571 -0.7279361 -0.0184573 0.6853591
1520511204.908518 -4.4852591 0.2659185 1.6126798 0.0007387 -0.7154977 -0.0044882 0.6986002
1520511205.108524 -4.6050153 0.2955579 1.6150031 0.0041680 -0.7108862 -0.0088383 0.7032391
1520511205.358394 -4.7605395 0.3086984 1.6120027 -0.0092652 -0.7245620 -0.0094262 0.6890829
1520511205.708405 -4.9736600 0.3476683 1.5899134 -0.0124897 -0.7398721 -0.0254210 0.6721511
1520511206.008315 -5.1624103 0.3401285 1.5829684 -0.0130596 -0.7091196 -0.0062919 0.7049391
1520511206.308222 -5.3575411 0.3824653 1.5882024 0.0098388 -0.6782008 -0.0085969 0.7347604
1520511206.508228 -5.4829559 0.3808393 1.5756154 -0.0031802 -0.7043496 -0.0169005 0.7096449
1520511206.658139 -5.5731668 0.3915158 1.5559423 0.0136894 -0.7403376 -0.0264584 0.6715749
1520511206.808143 -5.6691847 0.4194503 1.5372760 0.0092765 -0.7497026 -0.0273316 0.6611452
1520511206.958047 -5.7699251 0.4247718 1.5269003 0.0058759 -0.7306783 -0.0327913 0.6819086
1520511207.108052 -5.8621130 0.4225586 1.5280510 -0.0204731 -0.7119553 -0.0385296 0.7008680
1520511207.308059 -5.9808450 0.4599693 1.5310721 -0.0393725 -0.6926452 -0.0567949 0.7179601
1520511207.457980 -6.0769644 0.4841669 1.5334722 -0.0419068 -0.6891001 -0.0506039 0.7216815
1520511207.607985 -6.1764460 0.4795285 1.5316368 -0.0487418 -0.6924824 -0.0404612 0.7186483
1520511207.757990 -6.2702579 0.4838790 1.5261583 -0.0391060 -0.7090305 -0.0559952 0.7018625
1520511207.907922 -6.3686209 0.5176504 1.5229391 -0.0504081 -0.7099416 -0.0709297 0.6988639
1520511208.057926 -6.4683790 0.5346183 1.5199325 -0.0578205 -0.6898301 -0.0785949 0.7173660
1520511208.207858 -6.5678539 0.5258610 1.5218493 -0.0504722 -0.6772530 -0.0736147 0.7303162
1520511208.407864 -6.7009315 0.5294383 1.5331393 -0.0340488 -0.6737620 -0.0540636 0.7361811
1520511208.607857 -6.8515534 0.5296428 1.5459933 -0.0193793 -0.6853339 -0.0338936 0.7271816
1520511208.757862 -6.9593391 0.5167598 1.5491524 -0.0208897 -0.6985062 -0.0323937 0.7145652
1520511208.907867 -7.0588722 0.5304621 1.5531384 -0.0264572 -0.7074403 -0.0542048 0.7041947
1520511209.057859 -7.1641989 0.5522174 1.5573909 -0.0305734 -0.6982579 -0.0562519 0.7129775
1520511209.257866 -7.3043694 0.5549748 1.5664687 -0.0311991 -0.6750858 -0.0533771 0.7351440
1520511209.457865 -7.4275718 0.5718926 1.5832388 -0.0425406 -0.6639751 -0.0640354 0.7437922
1520511209.607869 -7.5316548 0.5991429 1.6044694 -0.0340442 -0.6494837 -0.0581690 0.7573825
1520511209.807851 -7.6727433 0.6042274 1.6302243 -0.0330074 -0.6451244 -0.0589361 0.7610858
1520511209.957856 -7.7766299 0.6064172 1.6381221 -0.0232203 -0.6520653 -0.0573267 0.7556358
1520511210.057859 -7.8542018 0.6192684 1.6471860 -0.0184563 -0.6563162 -0.0504800 0.7525690
1520511210.207863 -7.9678235 0.6362465 1.6592981 -0.0135677 -0.6424982 -0.0440944 0.7648972
1520511210.357840 -8.0800982 0.6312807 1.6763735 -0.0195927 -0.6244456 -0.0476872 0.7793649
1520511210.507845 -8.1793928 0.6361023 1.6982260 -0.0222309 -0.6136398 -0.0390179 0.7883081
1520511210.607848 -8.2578087 0.6556957 1.7118092 -0.0151962 -0.6051080 -0.0423649 0.7948702
1520511210.707851 -8.3353109 0.6682767 1.7337391 -0.0048735 -0.6080673 -0.0382353 0.7929493
1520511210.807854 -8.4140768 0.6689736 1.7481337 -0.0006747 -0.6139808 -0.0354292 0.7885250
1520511210.957859 -8.5286665 0.6559610 1.7659873 0.0014841 -0.6258678 -0.0321168 0.7792662
1520511211.107828 -8.6378384 0.6657503 1.7810999 0.0181453 -0.6357851 -0.0306515 0.7710438
1520511211.207831 -8.7140350 0.6812099 1.7887821 0.0182630 -0.6372809 -0.0298405 0.7698370
1520511211.307834 -8.7949924 0.6718918 1.7809113 0.0145257 -0.6293730 -0.0243923 0.7765846
1520511211.807849 -9.0646086 0.6629667 1.8338180 0.0100245 -0.6259513 -0.0317137 0.7791526
1520511212.057857 -9.1977758 0.6176159 1.8681157 0.0011548 -0.6583440 -0.0314894 0.7520574
1520511212.207862 -9.2596254 0.5931720 1.8810775 -0.0075982 -0.6749015 -0.0392949 0.7368217
1520511212.407868 -9.3489170 0.5647639 1.8878971 -0.0134672 -0.6760930 -0.0455959 0.7352808
1520511212.607875 -9.4548969 0.5375850 1.8924363 -0.0255007 -0.6739104 -0.0434270 0.7370946
1520511212.807879 -9.5744696 0.6006463 1.9175799 -0.0265550 -0.6753029 -0.0497857 0.7353790
1520511212.957887 -9.6475506 0.6069558 1.9406071 -0.0151197 -0.6791312 -0.0463044 0.7323989
1520511213.257893 -9.8082256 0.6041845 1.9506524 -0.0101739 -0.7168745 -0.0523287 0.6951612
1520511213.457899 -9.9013510 0.6181351 1.9567277 -0.0153629 -0.7247151 -0.0481127 0.6871952
1520511213.657949 -10.0317841 0.6351520 1.9586791 -0.0117186 -0.7126325 -0.0500906 0.6996489
1520511213.857955 -10.1315203 0.6392376 1.9631867 -0.0234806 -0.7034473 -0.0378244 0.7093517
1520511214.107970 -10.2636309 0.6546116 1.9815571 -0.0218222 -0.7067415 -0.0326821 0.7063796
1520511214.307980 -10.3650885 0.6535631 1.9814501 -0.0202739 -0.7260177 -0.0373134 0.6863636
1520511214.758000 -10.6186295 0.6860493 1.9890099 -0.0120258 -0.7401389 -0.0323820 0.6715662
1520511215.008007 -10.7427177 0.6914590 1.9953862 -0.0039145 -0.7496338 -0.0125397 0.6617224
1520511215.258016 -10.8858347 0.7184448 2.0028238 -0.0079268 -0.7579328 -0.0103541 0.6522023
1520511215.508024 -11.0154095 0.7275916 1.9818501 -0.0108623 -0.7942270 -0.0198044 0.6072013
1520511215.758037 -11.1517830 0.7519783 1.9536626 -0.0145065 -0.7986675 -0.0059055 0.6015688
1520511216.308063 -11.4477978 0.7896457 1.9542911 -0.0063566 -0.7892858 -0.0022165 0.6139891
1520511216.558072 -11.5720444 0.7757879 1.9499645 0.0026999 -0.7967908 -0.0174703 0.6039968
1520511216.858087 -11.7315369 0.8128411 1.9369559 -0.0109170 -0.7866332 -0.0051905 0.6173024
1520511217.158097 -11.9075766 0.8205437 1.9511168 0.0071168 -0.7521287 0.0005971 0.6589776
1520511217.508113 -12.0963526 0.8619679 1.9689497 0.0084449 -0.7456067 0.0044311 0.6663180
1520511217.808127 -12.2599144 0.8734553 1.9605454 -0.0000031 -0.7642409 0.0007917 0.6449305
1520511218.108143 -12.4269657 0.9030899 1.9582891 0.0033425 -0.7352792 -0.0117504 0.6776543
1520511218.408163 -12.5840950 0.9235084 1.9793856 -0.0017733 -0.7152842 -0.0235360 0.6984349
1520511218.708172 -12.7419310 0.9421777 1.9881465 0.0085230 -0.7309051 -0.0150341 0.6822602
1520511219.058192 -12.8949757 0.9615142 1.9833437 0.0066910 -0.7251194 -0.0191602 0.6883240
1520511219.608217 -13.0897989 0.9843116 2.0260019 0.0119936 -0.6294466 -0.0315528 0.7763103
1520511219.858233 -13.1604977 0.9897434 2.0542274 0.0131587 -0.6236808 -0.0159244 0.7814060
1520511220.158247 -13.2281637 0.9951840 2.0802195 0.0038483 -0.6196881 -0.0220294 0.7845296
1520511220.408255 -13.2870884 1.0074271 2.1005564 0.0048354 -0.6011730 -0.0374320 0.7982272
1520511220.708272 -13.3728981 1.0071423 2.1127095 0.0155907 -0.5836638 -0.0462210 0.8105290
1520511220.958285 -13.4400444 1.0073588 2.1087632 0.0191138 -0.6050738 -0.0294389 0.7953954
1520511221.258296 -13.5223732 1.0338855 2.0917192 0.0012655 -0.6554664 -0.0367544 0.7543285
1520511221.558306 -13.6126242 1.0297437 2.0525107 0.0004071 -0.7384726 -0.0165316 0.6740806
1520511221.908328 -13.6872025 1.0420142 1.9718857 -0.0315139 -0.8346180 -0.0430091 0.5482426
1520511222.158340 -13.7535362 1.0386842 1.8977962 0.0005062 -0.8791513 -0.0310362 0.4755309
1520511222.458349 -13.8000002 1.0305916 1.8051481 -0.0196284 -0.9311650 0.0071652 0.3639990
1520511222.758356 -13.8656693 1.0482647 1.6922512 -0.0422808 -0.9583505 0.0210199 0.2816645
1520511223.008342 -13.8925095 1.0481547 1.5923560 -0.0498070 -0.9806765 0.0251535 0.1875108
1520511223.258350 -13.9134064 1.0583117 1.4763880 -0.0574813 -0.9870458 0.0553717 0.1391781
1520511223.558347 -13.9418449 1.0458159 1.3410407 -0.0199248 -0.9922533 0.0811263 0.0919498
1520511223.808338 -13.9583244 1.0596889 1.2408926 -0.0196163 -0.9972382 0.0536977 0.0474116
1520511224.058347 -13.9719896 1.0467511 1.1249443 -0.0748910 -0.9932562 0.0872694 0.0147529
1520511224.358387 -13.9669752 1.0000281 1.0155379 0.0692606 0.9944744 -0.0751152 0.0241165
1520511224.808362 -13.9744349 0.9184049 0.8904675 -0.0449008 -0.9946283 0.0919695 0.0154931
1520511225.058367 -13.9881935 0.9141781 0.8249093 -0.0434447 -0.9944984 0.0903270 0.0304393
1520511225.308376 -14.0058804 0.8767962 0.7635477 -0.0489924 -0.9944623 0.0921587 0.0122915
1520511225.708388 -14.0076447 0.8356207 0.6708542 0.0478970 0.9937117 -0.1009168 0.0076621
1520511226.258404 -14.0378017 0.7788438 0.5600815 -0.0422689 -0.9941696 0.0723414 0.0678747
1520511226.558413 -14.0522299 0.7536036 0.4837779 -0.0671176 -0.9935914 0.0679663 0.0604324
1520511226.908432 -14.0542746 0.7055026 0.4227852 -0.0517523 -0.9947501 0.0877512 0.0096881
1520511227.158430 -14.0459518 0.6776250 0.3585699 -0.0580271 -0.9955436 0.0728474 0.0148032
1520511227.458438 -14.0453606 0.6433592 0.2951985 -0.0577070 -0.9940867 0.0852621 0.0345263
1520511227.808452 -14.0684891 0.6784452 0.2016840 -0.0536212 -0.9964781 0.0484406 0.0425389
1520511228.458480 -14.1108618 0.6411013 -0.0732701 -0.0604266 -0.9905162 0.1232117 0.0067097
1520511228.958488 -14.1577616 0.5884655 -0.2574395 -0.0509587 -0.9921100 0.1020237 0.0520765
1520511229.408500 -14.1816778 0.5234535 -0.3654322 -0.0730047 -0.9900693 0.1135938 0.0391108
1520511229.758517 -14.1791906 0.5245014 -0.4452124 -0.0756070 -0.9930057 0.0795944 0.0434527
1520511230.458540 -14.1950188 0.4496714 -0.6198627 -0.0707193 -0.9910802 0.0884967 0.0701921
1520511230.858553 -14.2016964 0.3776628 -0.7030558 0.0678014 0.9919172 -0.1070247 0.0069859
1520511231.358558 -14.2342072 0.2994012 -0.8075457 -0.0470209 -0.9922138 0.1027959 0.0522876
1520511231.658569 -14.2657928 0.3093446 -0.8830607 -0.0485483 -0.9927915 0.0758253 0.0791124
1520511231.908585 -14.2738934 0.2618423 -0.9497424 -0.0495306 -0.9916552 0.0952787 0.0713335
1520511232.158593 -14.2824173 0.2335067 -1.0030334 -0.0398179 -0.9938034 0.0945475 0.0427806
1520511232.858608 -14.2931604 0.1695422 -1.1508461 -0.0349936 -0.9953511 0.0718861 0.0537033
1520511233.208619 -14.3114738 0.0978410 -1.2256967 -0.0411320 -0.9953411 0.0867987 0.0083858
1520511233.508629 -14.3006449 0.0823103 -1.2882357 0.0545775 0.9941641 -0.0909937 0.0194692
1520511233.808630 -14.2880173 0.0251726 -1.3537018 -0.0476445 -0.9938781 0.0951587 0.0296869
1520511234.058635 -14.3082666 0.0180294 -1.4042876 -0.0404212 -0.9932489 0.0896151 0.0615772
1520511234.308641 -14.3341417 0.0064085 -1.4665382 -0.0352519 -0.9925939 0.0859762 0.0782493
1520511234.508650 -14.3470888 -0.0379571 -1.5141513 -0.0362235 -0.9919937 0.1030874 0.0633202
1520511235.058663 -14.3377323 -0.1183631 -1.6213928 -0.0390733 -0.9931763 0.0976536 0.0503787
1520511235.308665 -14.3438902 -0.1384078 -1.6638902 -0.0430788 -0.9919537 0.0927787 0.0745919
1520511235.708676 -14.3689032 -0.1727657 -1.7529600 -0.0581165 -0.9915442 0.0939291 0.0681169
1520511236.058684 -14.3708696 -0.2169962 -1.8203785 -0.0565835 -0.9911317 0.1149476 0.0352582
1520511236.358694 -14.3755283 -0.2447839 -1.8838328 -0.0520683 -0.9921724 0.0888529 0.0706274
1520511236.608699 -14.3902416 -0.2809916 -1.9292696 -0.0448705 -0.9882582 0.0889108 0.1158763
1520511236.908711 -14.4129400 -0.2726406 -1.9892051 -0.0339028 -0.9855432 0.0791505 0.1459128
1520511237.208725 -14.4509764 -0.3173075 -2.0513005 -0.0503030 -0.9819469 0.0748374 0.1662809
1520511237.508735 -14.4779129 -0.3340120 -2.1100211 -0.0381547 -0.9775223 0.0741350 0.1936454
1520511237.758744 -14.5132885 -0.3582139 -2.1630478 -0.0253426 -0.9663464 0.0496342 0.2511355
1520511238.058762 -14.5730619 -0.3951859 -2.2003608 -0.0104223 -0.9355528 0.0497585 0.3495089
1520511238.308770 -14.6258211 -0.3810859 -2.2361512 -0.0039023 -0.9149532 0.0257771 0.4027171
1520511238.558789 -14.7127180 -0.3889390 -2.2790036 -0.0116792 -0.8929344 0.0273587 0.4492031
1520511238.808797 -14.7975674 -0.3850788 -2.3258371 0.0048648 -0.8798830 0.0429428 0.4732212
1520511239.058819 -14.8844318 -0.3518035 -2.3797622 0.0022762 -0.8682877 0.0350652 0.4948150
1520511239.308842 -14.9938431 -0.3544328 -2.4298375 0.0302686 -0.8454133 0.0332907 0.5322142
1520511239.558851 -15.1035166 -0.3360676 -2.4649904 0.0384581 -0.8184390 0.0382499 0.5720276
1520511239.808873 -15.2177668 -0.3042133 -2.5213814 0.0326957 -0.8249050 0.0280931 0.5636254
1520511240.058881 -15.3103447 -0.2953686 -2.6051683 0.0188321 -0.8712276 0.0304643 0.4895712
1520511240.309009 -15.4055529 -0.2748249 -2.6959972 0.0307725 -0.8935341 0.0398174 0.4461662
1520511240.508923 -15.4812298 -0.2816430 -2.7619009 0.0384280 -0.8909179 0.0545335 0.4492380
1520511240.708929 -15.5521927 -0.2621213 -2.8276825 0.0279625 -0.8982512 0.0483535 0.4359181
1520511240.908963 -15.6217871 -0.2404686 -2.9061432 0.0233955 -0.9169418 0.0629474 0.3933296
1520511241.108969 -15.6656685 -0.2431563 -2.9996057 0.0061848 -0.9468492 0.0700770 0.3138908
1520511241.309002 -15.6956959 -0.2284030 -3.1007948 -0.0111597 -0.9679704 0.0937033 0.2326555
1520511241.509008 -15.7276459 -0.2217174 -3.2046895 -0.0204472 -0.9739734 0.0831041 0.2098845
1520511241.709036 -15.7735405 -0.2311935 -3.2954826 -0.0231382 -0.9751047 0.0976258 0.1977491
1520511241.859044 -15.8037519 -0.2086227 -3.3716774 -0.0233803 -0.9744925 0.1021214 0.1984670
1520511242.109048 -15.8435526 -0.2056711 -3.5099292 -0.0508535 -0.9828438 0.0802358 0.1580954
1520511242.309053 -15.8482208 -0.2048824 -3.6143305 -0.0523760 -0.9920080 0.0701374 0.0908723
1520511242.509060 -15.8613091 -0.1862199 -3.7268977 -0.0601873 -0.9927306 0.0832916 0.0626569
1520511242.759061 -15.8916283 -0.1967092 -3.8644116 -0.0680626 -0.9901614 0.0837818 0.0890428
1520511242.959059 -15.9121361 -0.1796026 -3.9721611 -0.0715001 -0.9890685 0.0786578 0.1021972
1520511243.209067 -15.9375114 -0.1717758 -4.1145506 -0.0844120 -0.9904458 0.0836355 0.0699783
1520511243.409072 -15.9394722 -0.1690752 -4.2224827 -0.0770887 -0.9924729 0.0908292 0.0283745
1520511243.609078 -15.9379940 -0.1552984 -4.3407149 -0.0747263 -0.9900248 0.1157043 0.0296568
1520511243.809070 -15.9524488 -0.1668479 -4.4484725 -0.0793836 -0.9887105 0.1126601 0.0587998
1520511244.009077 -15.9701300 -0.1476371 -4.5521684 -0.0689077 -0.9892772 0.1080841 0.0700026
1520511244.259094 -15.9961166 -0.1378548 -4.6899185 -0.0731149 -0.9902622 0.0884827 0.0787771
1520511244.559104 -15.9868765 -0.1348828 -4.8541503 -0.0643164 -0.9929175 0.0964115 0.0261357
1520511244.759124 -15.9811878 -0.1220146 -4.9659209 -0.0505057 -0.9944306 0.0871187 0.0311042
1520511245.009135 -15.9950771 -0.1237361 -5.0940785 -0.0747275 -0.9933612 0.0682110 0.0547401
1520511245.259143 -16.0056458 -0.0997010 -5.2344995 -0.0774604 -0.9924549 0.0736204 0.0601089
1520511245.509180 -16.0022202 -0.1130013 -5.3720264 -0.0846972 -0.9921970 0.0901971 0.0153631
1520511245.709186 -15.9908533 -0.1027822 -5.4783893 0.0815584 0.9909213 -0.1068171 0.0036698
1520511245.909183 -15.9875870 -0.1044632 -5.5872679 -0.0875200 -0.9911457 0.0958365 0.0280351
1520511246.259204 -15.9986324 -0.0799025 -5.7671962 -0.0702042 -0.9910048 0.0922058 0.0669235
1520511246.459210 -15.9972372 -0.0825508 -5.8803229 -0.0813027 -0.9906788 0.0944935 0.0549227
1520511246.609230 -15.9878550 -0.0848566 -5.9589071 -0.0781197 -0.9926950 0.0890804 0.0227776
1520511246.809236 -15.9748287 -0.0688741 -6.0725284 0.0755047 0.9919024 -0.1021180 0.0008610
1520511247.009242 -15.9696054 -0.0752608 -6.1816921 -0.0781102 -0.9922102 0.0928235 0.0283078
1520511247.259230 -15.9754658 -0.0543100 -6.3135185 -0.0759191 -0.9922357 0.0868818 0.0464352
1520511247.509251 -15.9746361 -0.0532796 -6.4550443 -0.0841291 -0.9918616 0.0953991 0.0056441
1520511247.709258 -15.9681921 -0.0572579 -6.5616255 0.0749132 0.9925034 -0.0937527 0.0231425
1520511247.909249 -15.9666405 -0.0473093 -6.6764679 0.0792103 0.9899445 -0.1149359 0.0229247
1520511248.209259 -15.9955587 -0.0498006 -6.8303652 -0.0702794 -0.9924227 0.0923887 0.0402789
1520511248.409266 -16.0154552 -0.0290477 -6.9424205 -0.0660869 -0.9908117 0.1019498 0.0594232
1520511248.659311 -16.0235710 -0.0320954 -7.0702009 -0.0828512 -0.9925510 0.0846434 0.0285268
1520511248.909319 -16.0240955 -0.0134766 -7.2046466 -0.0869366 -0.9917367 0.0940270 0.0077117
1520511249.209322 -16.0562286 -0.0148386 -7.3602834 -0.0803714 -0.9900227 0.0928135 0.0691465
1520511249.509362 -16.0872517 0.0262699 -7.5166559 -0.0712484 -0.9904777 0.0682015 0.0960533
1520511249.759369 -16.0959396 0.0124645 -7.6458116 -0.0742801 -0.9932006 0.0779935 0.0441802
1520511250.059401 -16.0968628 0.0439576 -7.8081460 -0.0664733 -0.9951705 0.0695691 0.0194239
1520511250.309379 -16.1245937 0.0292381 -7.9411297 -0.0756813 -0.9911936 0.0844443 0.0683856
1520511250.609389 -16.1576004 0.0628992 -8.1071548 -0.0717217 -0.9879891 0.0918127 0.1015090
1520511250.909406 -16.1545715 0.0530378 -8.2688847 -0.0828162 -0.9912002 0.0989975 0.0293816
1520511251.159366 -16.1488609 0.0618607 -8.4051981 -0.0875798 -0.9896394 0.1097724 0.0298964
1520511251.459479 -16.1709328 0.0721744 -8.5541725 -0.0699965 -0.9917240 0.0800371 0.0719593
1520511251.809372 -16.1781368 0.0839041 -8.7441645 -0.0856849 -0.9904232 0.1012234 0.0383925
1520511252.109383 -16.1665726 0.0934761 -8.9010849 0.0840079 0.9911370 -0.1020022 0.0136296
1520511252.409369 -16.1732388 0.0957956 -9.0613003 -0.0684313 -0.9933665 0.0892543 0.0239525
1520511252.709378 -16.1828041 0.1205665 -9.2114706 -0.0733802 -0.9927257 0.0851214 0.0431889
1520511252.959396 -16.1833134 0.1122456 -9.3333855 -0.0960951 -0.9919490 0.0821637 0.0072015
1520511253.259402 -16.1740799 0.1293750 -9.4908295 0.1002137 0.9906560 -0.0921177 0.0085064
1520511253.559413 -16.1942139 0.1257135 -9.6389675 -0.0921651 -0.9914606 0.0832525 0.0397564
1520511253.909414 -16.2158585 0.1486661 -9.8155975 -0.0798806 -0.9926135 0.0871209 0.0273371
1520511254.209433 -16.2086411 0.1570609 -9.9620867 0.0811430 0.9923233 -0.0892444 0.0273118
1520511254.609424 -16.2376976 0.1562554 -10.1661129 -0.0761447 -0.9924959 0.0922429 0.0254029
1520511254.909435 -16.2560768 0.1857438 -10.3193893 -0.0718303 -0.9924821 0.0889686 0.0436369
1520511255.259443 -16.2492027 0.1908741 -10.4955025 -0.0713829 -0.9936321 0.0871446 0.0023971
1520511255.609439 -16.2523766 0.1939099 -10.6655903 -0.0621615 -0.9927436 0.0785209 0.0665637
1520511255.909448 -16.2778549 0.2276242 -10.8197384 -0.0586485 -0.9904665 0.0657002 0.1059246
1520511256.259463 -16.2869301 0.2204304 -11.0015888 -0.0564827 -0.9939579 0.0734129 0.0588891
1520511256.609459 -16.2930546 0.2340226 -11.1874952 -0.0643169 -0.9919100 0.0763783 0.0783864
1520511257.059463 -16.3418808 0.2679315 -11.4094448 -0.0470703 -0.9902523 0.0596856 0.1167161
1520511257.409473 -16.3472061 0.2684013 -11.5901346 -0.0608453 -0.9940883 0.0691787 0.0574498
1520511257.709466 -16.3607445 0.2619737 -11.7459717 -0.0779460 -0.9904237 0.0789025 0.0822184
1520511257.959474 -16.3765068 0.2816164 -11.8684063 -0.0703617 -0.9902909 0.0651025 0.1006711
1520511258.259478 -16.3886242 0.2825055 -12.0258646 -0.0709889 -0.9916173 0.0890336 0.0610649
1520511258.659478 -16.3917694 0.3001013 -12.2336779 -0.0730331 -0.9921736 0.0873313 0.0512944
1520511259.059484 -16.4333725 0.3252811 -12.4210310 -0.0662267 -0.9884005 0.0669468 0.1191500
1520511259.409554 -16.4577942 0.3264079 -12.5957804 -0.0779762 -0.9918963 0.0684057 0.0733643
1520511259.809494 -16.4818363 0.3396622 -12.8075981 -0.0787843 -0.9907797 0.0751176 0.0806607
1520511260.109498 -16.5320492 0.3637393 -12.9510183 -0.0732478 -0.9841828 0.0595588 0.1499060
1520511260.459509 -16.5647640 0.3674268 -13.1350632 -0.0832718 -0.9881814 0.0643834 0.1114375
1520511260.909520 -16.5777035 0.3829925 -13.3667974 -0.0753754 -0.9920077 0.0572696 0.0834244
1520511261.359524 -16.6180687 0.4180281 -13.5911474 -0.0619358 -0.9934571 0.0540027 0.0793130
1520511261.659533 -16.6154518 0.4171870 -13.7400513 0.0665576 0.9964081 -0.0521699 0.0044062
1520511261.959539 -16.6300850 0.4261049 -13.9008169 -0.0662733 -0.9948099 0.0562059 0.0529342
1520511262.309551 -16.6716175 0.4424696 -14.0683403 -0.0560993 -0.9908458 0.0637204 0.1049636
1520511262.609572 -16.6847191 0.4372952 -14.2171974 -0.0821815 -0.9928578 0.0715551 0.0485755
1520511262.909581 -16.6919441 0.4608848 -14.3656702 -0.0906794 -0.9919695 0.0748709 0.0465642
1520511263.209595 -16.7281876 0.4608741 -14.5121984 -0.0705565 -0.9883437 0.0596881 0.1209792
1520511263.659633 -16.7628403 0.4765658 -14.7489119 -0.0893513 -0.9901718 0.0655219 0.0853408
1520511264.109655 -16.7692451 0.4989640 -14.9766235 -0.0864630 -0.9932060 0.0521086 0.0578859
1520511264.509643 -16.8394051 0.5289954 -15.1754417 -0.0384167 -0.9917554 0.0495413 0.1117640
1520511264.859665 -16.8718185 0.5283823 -15.3478880 -0.0504321 -0.9959649 0.0403020 0.0623407
1520511265.209668 -16.8938751 0.5540146 -15.5269384 -0.0690718 -0.9940431 0.0233661 0.0810042
1520511265.609672 -16.9488316 0.5826486 -15.7210617 -0.0634419 -0.9881468 0.0248672 0.1375596
1520511266.109687 -16.9646931 0.5867784 -15.9815407 -0.0842858 -0.9938022 0.0462795 0.0557770
1520511266.509677 -16.9903259 0.5928364 -16.1780701 -0.0877482 -0.9883332 0.0320168 0.1203031
1520511266.859683 -17.0166454 0.6061505 -16.3634357 -0.0864279 -0.9903101 0.0454820 0.0987305
1520511267.259698 -17.0223808 0.6213901 -16.5758877 -0.0773085 -0.9935127 0.0573097 0.0605933
1520511267.709717 -17.0681877 0.6415107 -16.8050556 -0.0704067 -0.9875923 0.0466055 0.1324103
1520511268.109737 -17.0694714 0.6458522 -17.0147438 -0.0693430 -0.9956236 0.0404648 0.0478324
1520511268.559753 -17.0792389 0.6468992 -17.2556152 -0.0542234 -0.9940696 0.0695325 0.0636465
1520511268.859765 -17.1040459 0.6857849 -17.4138756 -0.0668790 -0.9935194 0.0513473 0.0762238
1520511269.159782 -17.1090488 0.6763166 -17.5680408 -0.0821648 -0.9954488 0.0447785 0.0180477
1520511269.509787 -17.1155739 0.7019945 -17.7536221 -0.0803211 -0.9955420 0.0349735 0.0349523
1520511269.959809 -17.1627579 0.7343943 -17.9946918 -0.0808263 -0.9922292 0.0211580 0.0922001
1520511270.409822 -17.1861725 0.7343063 -18.2437668 -0.0718882 -0.9954115 0.0606046 0.0177569
1520511270.759826 -17.2288361 0.7309000 -18.4241924 -0.0781518 -0.9922971 0.0519813 0.0808507
1520511271.059835 -17.2748318 0.7691924 -18.5906029 -0.0668786 -0.9897893 0.0266707 0.1230159
1520511271.359851 -17.2869530 0.7729076 -18.7476292 -0.0612166 -0.9961258 0.0203544 0.0597635
1520511271.659871 -17.2898026 0.7872217 -18.9129925 -0.0736078 -0.9967287 0.0191667 0.0273239
1520511271.909879 -17.3088417 0.7907528 -19.0445747 -0.0750757 -0.9955888 0.0243540 0.0507313
1520511272.159998 -17.3189316 0.8093790 -19.1882210 -0.0595145 -0.9960139 0.0450583 0.0488258
1520511272.509918 -17.3178101 0.8153423 -19.3798580 0.0539023 0.9971753 -0.0477148 0.0214250
1520511272.809936 -17.3190136 0.8129752 -19.5478630 -0.0547199 -0.9971262 0.0522143 0.0043454
1520511273.209952 -17.3196125 0.8424956 -19.7680588 -0.0625733 -0.9966611 0.0506654 0.0135755
1520511273.459960 -17.2967796 0.8279221 -19.9006691 0.0575240 0.9957021 -0.0557506 0.0464797
1520511273.709961 -17.2573795 0.8345234 -20.0278149 0.0579891 0.9913617 -0.0759097 0.0898728
1520511273.959966 -17.2264156 0.8149118 -20.1538200 0.0762810 0.9891123 -0.0781915 0.0986116
1520511274.309961 -17.1520443 0.8309944 -20.3320332 0.0715902 0.9812524 -0.0833699 0.1583289
1520511274.659959 -17.0402622 0.8044362 -20.4775791 0.0737529 0.9567500 -0.0760964 0.2709234
1520511275.009945 -16.9178238 0.7780292 -20.6239891 0.0893877 0.9409135 -0.0855029 0.3152475
1520511275.309937 -16.8135796 0.7649045 -20.7291775 0.0924245 0.9226032 -0.0899839 0.3635437
1520511275.759940 -16.6184807 0.7396219 -20.8545265 0.0826110 0.8452985 -0.0824281 0.5213938
1520511276.309954 -16.3747177 0.6995699 -20.9468975 0.0881568 0.8195293 -0.0799383 0.5605444
1520511276.609962 -16.2232380 0.6795577 -20.9820099 0.1155409 0.7567840 -0.0846098 0.6377850
1520511277.059974 -15.9929886 0.6499436 -20.9915562 0.1066548 0.7055366 -0.0957643 0.6940259
1520511277.609993 -15.7142143 0.6103846 -21.0358047 0.1131158 0.7241092 -0.0784803 0.6758042
1520511278.110006 -15.4542370 0.5629294 -21.0040359 0.1206016 0.6487933 -0.0926856 0.7456084
1520511278.410015 -15.3080559 0.5267417 -21.0087986 0.1219500 0.6687785 -0.0802189 0.7289914
1520511278.660021 -15.1709366 0.5172825 -21.0135746 0.1346176 0.6531040 -0.0958661 0.7390149
1520511278.910029 -15.0532341 0.4854805 -21.0085258 0.1218535 0.6236556 -0.0904630 0.7668260
1520511279.160033 -14.9127522 0.4781401 -21.0080261 0.1271079 0.6409193 -0.0913462 0.7514799
1520511279.510038 -14.7444897 0.4414107 -21.0383110 0.1232717 0.7061852 -0.0796241 0.6926519
1520511279.960050 -14.5178375 0.4075195 -21.0577354 0.1235081 0.6878263 -0.0869900 0.7099813
1520511280.260054 -14.3596325 0.3919261 -21.0503902 0.1280680 0.6804077 -0.0884824 0.7161109
1520511280.610059 -14.1922550 0.3547376 -21.0740490 0.1312526 0.7075102 -0.0919947 0.6882871
1520511280.910069 -14.0384560 0.3362851 -21.0973606 0.1241243 0.7001464 -0.0917886 0.6971105
1520511281.210075 -13.8863659 0.3164529 -21.0907001 0.1193342 0.6663174 -0.0974099 0.7295833
1520511281.510080 -13.7347031 0.2817117 -21.0971642 0.1228330 0.6906034 -0.1044267 0.7050349
1520511281.810088 -13.5787773 0.2718833 -21.1230812 0.1273187 0.7197095 -0.0975975 0.6754872
1520511282.210101 -13.3796120 0.2297808 -21.1317711 0.1167145 0.6745820 -0.0966839 0.7224743
1520511282.460109 -13.2425537 0.2219212 -21.1306438 0.1207547 0.6840362 -0.0887209 0.7138917
1520511282.710117 -13.1116199 0.1951742 -21.1477623 0.1306795 0.7232732 -0.0917930 0.6718428
1520511282.960125 -12.9793320 0.1950359 -21.1599407 0.1177726 0.7158729 -0.1076611 0.6797534
1520511283.210135 -12.8552265 0.1582036 -21.1468830 0.1130728 0.6694980 -0.1066575 0.7263685
1520511283.560148 -12.6775150 0.1372604 -21.1056652 0.1148408 0.6375396 -0.1150287 0.7530759
1520511283.910158 -12.4985218 0.1145912 -21.1081181 0.1117818 0.6824685 -0.1042331 0.7147567
1520511284.260170 -12.3156300 0.0722029 -21.1012020 0.1450274 0.6569328 -0.1115768 0.7314075
1520511284.510179 -12.1826591 0.0651385 -21.0892658 0.1333779 0.6536991 -0.1076714 0.7370853
1520511284.810190 -12.0332985 0.0355107 -21.0964184 0.1334013 0.7120256 -0.0836346 0.6842725
1520511285.060204 -11.9000301 0.0256715 -21.1185398 0.1443316 0.7324717 -0.0941005 0.6586339
1520511285.310211 -11.7784710 -0.0136584 -21.1337204 0.1496666 0.7159629 -0.1063361 0.6735648
1520511285.710228 -11.5706367 -0.0323274 -21.1567345 0.1349486 0.7346581 -0.1050291 0.6565327
1520511286.110242 -11.3818245 -0.0655502 -21.2175732 0.1292281 0.7925206 -0.1123134 0.5853178
1520511286.410254 -11.2393970 -0.0922405 -21.2632065 0.1456923 0.7850995 -0.1102404 0.5918105
1520511286.760266 -11.0791492 -0.1117468 -21.3289547 0.1557153 0.8111585 -0.1154041 0.5517758
1520511287.010273 -10.9886837 -0.1374519 -21.4268646 0.1446328 0.8909283 -0.1101907 0.4161566
1520511287.260276 -10.9401436 -0.1211309 -21.5341740 0.1384561 0.9500982 -0.0776914 0.2685286
1520511287.560282 -10.8979645 -0.1319971 -21.6441345 0.1343647 0.9643133 -0.0831746 0.2124336
1520511287.910287 -10.8759127 -0.1043985 -21.7755241 0.1082095 0.9886139 -0.0725681 0.0752812
1520511288.260298 -10.8951893 -0.0948350 -21.8834934 -0.0759687 -0.9944358 0.0346283 0.0642421
1520511288.660311 -10.9030342 -0.0105553 -21.9911098 -0.0633827 -0.9941591 0.0557821 0.0672216
1520511288.960316 -10.8970537 0.0432446 -22.0675182 -0.0671422 -0.9954727 0.0378190 0.0556409
1520511289.260336 -10.9049873 0.0870833 -22.1437664 -0.0697722 -0.9960279 0.0248418 0.0494299
1520511289.610343 -10.9172211 0.1649008 -22.2250786 -0.0631153 -0.9956664 0.0484852 0.0481050
1520511290.010344 -10.9234219 0.2274204 -22.3267803 -0.0690350 -0.9948263 0.0284408 0.0688915
1520511290.360357 -10.9302711 0.2790720 -22.4168091 -0.0729512 -0.9950837 0.0063157 0.0666843
1520511290.710366 -10.9346504 0.3453618 -22.5143547 -0.0789895 -0.9962456 0.0202428 0.0290821
1520511291.060386 -10.9496231 0.4050739 -22.6172981 -0.0892066 -0.9908922 0.0332657 0.0952276
1520511291.360388 -10.9503365 0.4772710 -22.6963310 -0.0959148 -0.9938122 0.0296064 0.0475527
1520511291.810400 -10.9551687 0.5520365 -22.8136654 -0.1118477 -0.9926625 0.0290441 0.0356058
1520511292.210413 -10.9599056 0.6252618 -22.9202099 -0.0847434 -0.9960464 -0.0001015 0.0266491
1520511292.560432 -10.9573088 0.6874591 -23.0091038 -0.0740418 -0.9969621 0.0166885 0.0174952
1520511292.860442 -10.9588060 0.7373669 -23.0967960 -0.0798115 -0.9951010 0.0359765 0.0459346
1520511293.560466 -10.9788628 0.8724037 -23.2744865 -0.0579979 -0.9962367 0.0248301 0.0594336
1520511293.910479 -10.9806938 0.9230089 -23.3685875 -0.0629504 -0.9945223 0.0178379 0.0815147
1520511294.310493 -10.9705544 1.0067505 -23.4749107 -0.0482878 -0.9974898 0.0299241 0.0422731
1520511294.610505 -10.9613056 1.0509686 -23.5624390 -0.0670566 -0.9959174 0.0368257 0.0479160
1520511294.860516 -10.9587173 1.0816455 -23.6477985 -0.0643513 -0.9959054 0.0154943 0.0615740
1520511295.110523 -10.9605751 1.1391429 -23.7476845 -0.0671435 -0.9951264 0.0302223 0.0655895
1520511295.810550 -10.9896030 1.1695830 -24.0211353 -0.0420715 -0.9850041 0.0412283 0.1621646
1520511296.160560 -11.0079575 1.2028228 -24.1150112 -0.0437870 -0.9853643 0.0288253 0.1622011
1520511296.560575 -11.0147066 1.2859232 -24.2264557 -0.0393416 -0.9870654 0.0228856 0.1537214
1520511296.860584 -11.0140991 1.3407054 -24.3115978 -0.0395991 -0.9840868 0.0435213 0.1676641
1520511297.160598 -11.0156012 1.3811697 -24.3911133 -0.0592785 -0.9876791 0.0114191 0.1443809
1520511297.460610 -11.0186615 1.4450221 -24.4759827 -0.0275777 -0.9919041 0.0485940 0.1140375
1520511297.860624 -11.0207024 1.5157614 -24.5908413 -0.0400713 -0.9896314 0.0452189 0.1303052
1520511298.260639 -11.0302238 1.6067221 -24.7260914 -0.0457144 -0.9925812 0.0462992 0.1027097
1520511298.660657 -11.0235863 1.6792213 -24.9003696 -0.0623459 -0.9957737 0.0426500 0.0522347
1520511298.960672 -11.0324192 1.6974504 -25.0435200 -0.0779012 -0.9962747 0.0152548 0.0336933
1520511299.260681 -11.0283031 1.7078230 -25.1987476 0.0888460 0.9949747 -0.0425033 0.0180345
1520511299.610697 -11.0275869 1.7131207 -25.3730526 0.0799527 0.9949251 -0.0578577 0.0195957
1520511300.510723 -11.0390625 1.7236233 -25.7365494 0.0819222 0.9954476 -0.0477153 0.0098086
1520511300.910737 -11.0436449 1.7302272 -25.8595753 -0.0705153 -0.9949883 0.0610490 0.0360436
1520511301.260745 -11.0389547 1.7890143 -25.9547215 -0.0603505 -0.9963503 0.0574028 0.0186783
1520511301.710759 -11.0389156 1.8531232 -26.0674458 -0.0518602 -0.9976152 0.0436133 0.0131314
1520511302.160773 -11.0481043 1.9328164 -26.1889992 -0.0777391 -0.9948940 0.0280849 0.0579110
1520511302.610783 -11.0534573 2.0237386 -26.2989082 -0.0666425 -0.9958768 0.0155301 0.0595564
1520511303.060795 -11.0529242 2.0989819 -26.4172421 -0.0689960 -0.9943297 0.0341299 0.0733689
1520511304.110828 -11.0581198 2.2997513 -26.6896420 -0.0714386 -0.9922096 0.0076734 0.1017722
1520511304.610843 -11.0730648 2.3863239 -26.8173809 -0.0602145 -0.9919608 0.0273087 0.1078994
1520511305.010853 -11.0662460 2.4511809 -26.9184341 -0.0817090 -0.9937862 0.0331209 0.0679371
1520511305.410865 -11.0715094 2.5278695 -27.0125084 -0.0825920 -0.9952064 0.0480018 0.0209493
1520511306.060887 -11.0770540 2.6280167 -27.1908302 -0.0942390 -0.9923987 0.0584546 0.0533572
1520511306.610903 -11.0811100 2.7202384 -27.3305550 -0.0677116 -0.9907550 0.0701388 0.0943422
1520511307.060914 -11.0644741 2.8069863 -27.4486580 -0.0766013 -0.9922652 0.0574964 0.0789700
1520511307.560931 -11.0516987 2.8774910 -27.5926628 -0.0798826 -0.9911832 0.0695825 0.0795802
1520511308.110945 -11.0506973 2.9816084 -27.8020763 -0.0671336 -0.9903675 0.0798233 0.0910700
1520511308.610959 -11.0657320 3.0009224 -27.9991493 -0.0566228 -0.9868221 0.0621299 0.1382608
1520511309.060969 -11.0817604 3.0362272 -28.1265755 -0.0490321 -0.9845332 0.0379502 0.1638601
1520511309.510983 -11.0691109 3.1182482 -28.2604122 -0.0583704 -0.9894651 0.0506175 0.1224310
1520511310.161004 -11.0328617 3.2310014 -28.4327202 -0.0620337 -0.9930643 0.0008032 0.0998732
1520511310.711023 -11.0178089 3.3266125 -28.5875416 -0.0559393 -0.9901960 0.0276112 0.1249812
1520511311.161035 -11.0602322 3.4162240 -28.7021599 -0.0606676 -0.9759265 0.0020691 0.2094820
1520511311.711051 -11.1348343 3.5341985 -28.8759232 -0.0470804 -0.9492312 0.0129633 0.3107657
1520511312.311076 -11.2880669 3.5771403 -29.0616913 -0.0308962 -0.8898302 0.0116054 0.4550965
1520511312.761101 -11.4778214 3.6106591 -29.1390648 -0.0111109 -0.8309159 0.0057491 0.5562574
1520511313.211123 -11.6916866 3.6585431 -29.1694851 0.0142741 -0.7412412 -0.0258651 0.6705884
1520511313.661152 -11.9027538 3.6904702 -29.2365837 0.0053169 -0.7793771 -0.0201647 0.6262081
1520511314.311186 -12.2092857 3.7453358 -29.2518044 0.0113324 -0.7114074 -0.0335545 0.7018869
1520511315.061225 -12.6139011 3.7914231 -29.2679844 0.0147636 -0.6932122 -0.0138101 0.7204500
1520511315.461246 -12.8070393 3.8370590 -29.2395210 0.0080914 -0.6720623 -0.0264455 0.7399780
1520511316.011280 -13.0917721 3.8736601 -29.2480545 0.0184925 -0.7011719 -0.0294823 0.7121423
1520511316.511297 -13.3459206 3.9194589 -29.2223396 0.0348583 -0.6671066 -0.0363160 0.7432595
1520511316.911319 -13.5520716 3.9488611 -29.2391396 0.0191994 -0.7227620 -0.0311960 0.6901256
1520511317.361349 -13.7804279 3.9709797 -29.2306786 0.0295545 -0.6728324 -0.0374589 0.7382547
1520511317.861379 -14.0310335 4.0073714 -29.2219658 0.0349326 -0.6991262 -0.0252716 0.7136972
1520511318.361397 -14.2833052 4.0413823 -29.2406883 0.0367874 -0.6926641 -0.0250147 0.7198870
1520511318.861433 -14.5293999 4.0995936 -29.2398262 0.0121839 -0.7054070 -0.0172435 0.7084878
1520511319.361478 -14.7735376 4.1497869 -29.2846165 0.0274459 -0.7163902 -0.0378156 0.6961335
1520511319.761500 -14.9764681 4.1968684 -29.2775078 0.0224537 -0.7145739 -0.0343423 0.6983557
1520511320.111529 -15.1596956 4.2076831 -29.3141937 0.0233801 -0.7684644 -0.0240333 0.6390135
1520511320.461541 -15.3393831 4.2442756 -29.3311329 0.0416291 -0.7438160 -0.0395374 0.6659142
1520511320.911566 -15.5580502 4.3057365 -29.3100281 -0.0180824 -0.7128211 -0.0475463 0.6994988
1520511321.311634 -15.7667313 4.3224015 -29.3196335 0.0148774 -0.7491195 -0.0380292 0.6611751
1520511321.611644 -15.9173193 4.3290443 -29.3033333 0.0145819 -0.6846724 -0.0313898 0.7280287
1520511321.861688 -16.0384178 4.3703790 -29.2849312 -0.0048673 -0.6593246 -0.0255793 0.7514074
1520511322.061695 -16.1363773 4.3857727 -29.2728214 -0.0138710 -0.6825737 -0.0297124 0.7300806
1520511322.311732 -16.2622948 4.3870773 -29.2726440 0.0073320 -0.7157186 -0.0190115 0.6980915
1520511322.561741 -16.3850765 4.4252114 -29.2527523 0.0044141 -0.6995736 -0.0295119 0.7139371
1520511322.861757 -16.5304222 4.4381733 -29.1953392 0.0060402 -0.6230713 -0.0462128 0.7807754
1520511323.111797 -16.6402645 4.4586658 -29.1177826 -0.0005864 -0.5651466 -0.0537977 0.8232344
1520511323.611824 -16.8498917 4.4823179 -28.9800835 0.0226815 -0.4981872 -0.0704312 0.8639066
1520511323.811830 -16.9140224 4.4705396 -28.9007187 0.0503129 -0.4058188 -0.0652720 0.9102304
1520511324.011805 -16.9542179 4.4787259 -28.8109818 0.0444403 -0.3182592 -0.0770370 0.9438227
1520511324.311747 -17.0189209 4.4720531 -28.6776428 0.0515502 -0.2696137 -0.0558404 0.9599651
1520511324.611756 -17.0792923 4.4708605 -28.5457325 0.0730191 -0.2605674 -0.0698519 0.9601529
1520511324.961747 -17.1044426 4.4537616 -28.3617516 0.0998676 -0.1249065 -0.0835941 0.9835837
1520511325.311752 -17.0877819 4.4610329 -28.1730042 0.1003767 -0.0103345 -0.0905732 0.9907644
1520511325.711763 -17.1034679 4.4470763 -27.9679985 0.0973250 -0.0373224 -0.0904165 0.9904342
1520511326.111798 -17.1067905 4.4207830 -27.7632885 0.1045155 0.0084227 -0.0935469 0.9900781
1520511326.511823 -17.0982609 4.4204078 -27.5491486 0.1090370 0.0110111 -0.0701580 0.9914977
1520511327.061854 -17.1084881 4.4004335 -27.2584286 0.1112445 0.0056290 -0.1006303 0.9886692
1520511327.211895 -17.0986290 4.3884940 -27.1860275 0.1115029 0.0419547 -0.0945181 0.9883690
1520511327.461902 -17.0756321 4.4000416 -27.0530243 0.1084257 0.0656376 -0.1029621 0.9865772
1520511327.611902 -17.0740986 4.3847604 -26.9781551 0.1061699 0.0527639 -0.0890488 0.9889461
1520511327.761907 -17.0803947 4.3757558 -26.9057236 0.0962199 0.0248976 -0.0995355 0.9900578
1520511327.911911 -17.0802231 4.3823886 -26.8297119 0.1055560 0.0058892 -0.0976721 0.9895875
1520511328.111955 -17.0790291 4.3713813 -26.7262440 0.1030498 0.0271881 -0.0944815 0.9898053
1520511328.361963 -17.0664234 4.3605309 -26.6068687 0.1015038 0.0551151 -0.0904774 0.9891781
1520511328.611995 -17.0606079 4.3592520 -26.4752197 0.1017644 0.0348773 -0.0741573 0.9914273
1520511328.862020 -17.0762539 4.3396473 -26.3562374 0.1068759 -0.0201223 -0.0789814 0.9909261
1520511329.162030 -17.0846596 4.3437939 -26.1971893 0.0996605 -0.0086145 -0.0843574 0.9914017
1520511329.462095 -17.0711517 4.3340836 -26.0529194 0.0959349 0.0400964 -0.0869514 0.9907716
1520511329.812124 -17.0638390 4.3121867 -25.8712139 0.1196472 0.0189676 -0.0793747 0.9894567
1520511330.062154 -17.0770874 4.3172970 -25.7433586 0.1188874 -0.0136596 -0.0884002 0.9888704
1520511330.312162 -17.0905342 4.2995534 -25.6135368 0.1153031 -0.0062677 -0.1028623 0.9879704
1520511330.612197 -17.0799732 4.3004832 -25.4617882 0.1076128 0.0270898 -0.0971853 0.9890604
1520511330.962219 -17.0785561 4.2756953 -25.2842503 0.1049427 -0.0028039 -0.0848093 0.9908515
1520511331.312228 -17.0725784 4.2777905 -25.0956974 0.1087214 0.0306137 -0.0753188 0.9907420
1520511331.662229 -17.0275440 4.2662902 -24.9385338 0.1033758 0.1178154 -0.0858251 0.9839039
1520511331.962239 -16.9932365 4.2470579 -24.7948418 0.1192554 0.1015722 -0.0834865 0.9841196
1520511332.262224 -16.9792004 4.2387381 -24.6501236 0.1177274 0.0691963 -0.0913986 0.9864069
1520511332.612241 -16.9449501 4.2058172 -24.4905548 0.1213315 0.1173426 -0.0882721 0.9816912
1520511333.012236 -16.8936691 4.2029476 -24.2966900 0.1215158 0.1054957 -0.0864110 0.9831774
1520511333.462235 -16.8564148 4.1916590 -24.0747204 0.1111593 0.0832871 -0.0883571 0.9863568
1520511333.762254 -16.8157654 4.1568384 -23.9484024 0.1162153 0.1183340 -0.0980737 0.9812607
1520511334.112263 -16.7766514 4.1459517 -23.7736168 0.1098459 0.1089860 -0.0844623 0.9843385
1520511334.412254 -16.7660923 4.1340871 -23.6138535 0.1089037 0.0593777 -0.1028166 0.9869361
1520511334.862286 -16.7246742 4.1108336 -23.3785973 0.1064615 0.1006718 -0.1091478 0.9831674
1520511335.312312 -16.6944542 4.0966997 -23.1533089 0.0945570 0.0462122 -0.1004920 0.9893558
1520511335.712330 -16.6761265 4.0880089 -22.9478111 0.0766564 0.0591690 -0.1035946 0.9898945
1520511336.062386 -16.6309643 4.0754871 -22.7750397 0.1104132 0.1110401 -0.1142964 0.9810278
1520511336.462351 -16.6143112 4.0446067 -22.5752258 0.1082813 0.0718505 -0.1226707 0.9839028
1520511336.912359 -16.5918922 4.0287580 -22.3401203 0.0946354 0.1043753 -0.1065504 0.9842747
1520511337.362489 -16.5709267 4.0168529 -22.1015625 0.0980187 0.0773206 -0.0754384 0.9893042
1520511337.862386 -16.5855751 4.0010872 -21.8448448 0.0994131 0.0384161 -0.1002560 0.9892371
1520511338.312364 -16.5696754 4.0028543 -21.6205559 0.0951603 0.0601498 -0.0752518 0.9907894
1520511338.762375 -16.5779190 3.9877901 -21.4052010 0.0914112 0.0001059 -0.0856290 0.9921249
1520511339.262414 -16.5784206 3.9680443 -21.1670380 0.0920261 0.0374069 -0.0833089 0.9915602
1520511339.662400 -16.5944252 3.9462020 -20.9699326 0.0898061 -0.0156357 -0.0787674 0.9927166
1520511340.062446 -16.6152210 3.9471545 -20.7684689 0.0871255 -0.0413503 -0.0754521 0.9924749
1520511340.412490 -16.5892925 3.9316442 -20.5911255 0.0964662 0.0618890 -0.0807959 0.9901193
1520511340.912422 -16.5785007 3.9144535 -20.3428555 0.0923985 0.0069843 -0.0816235 0.9923465
1520511341.512458 -16.5675602 3.8994811 -20.0555897 0.0810764 0.0399393 -0.0809826 0.9926093
1520511342.012440 -16.5651989 3.8739891 -19.8070030 0.0890928 -0.0120577 -0.0759192 0.9930526
1520511342.412470 -16.5515537 3.8564830 -19.6104984 0.0841017 0.0487315 -0.0653418 0.9931177
1520511342.812446 -16.5267811 3.8410845 -19.4069691 0.1116989 0.0689337 -0.0685647 0.9889745
1520511343.212446 -16.5396519 3.8364127 -19.2095032 0.1064807 0.0132168 -0.0586716 0.9924943
1520511343.712532 -16.5294323 3.8189392 -18.9663639 0.0925421 0.0778114 -0.0466370 0.9915677
1520511344.262484 -16.5103359 3.7967758 -18.7132034 0.0995955 0.0041786 -0.0736838 0.9922872
1520511344.712536 -16.4739075 3.7756183 -18.5048542 0.0945112 0.0931132 -0.0844692 0.9875537
1520511345.212487 -16.4314728 3.7511065 -18.2793274 0.1024789 0.0345096 -0.0954078 0.9895476
1520511345.712527 -16.3843365 3.7274256 -18.0430374 0.0992796 0.0835719 -0.0886151 0.9875761
1520511346.312497 -16.3519650 3.7224152 -17.7569752 0.0685781 0.0026190 -0.0948662 0.9931217
1520511346.912669 -16.3222084 3.7042181 -17.4654942 0.0825463 0.0480423 -0.0858790 0.9917170
1520511347.512535 -16.2860050 3.6845758 -17.1765842 0.0881031 0.0224284 -0.0887359 0.9918976
1520511348.062528 -16.2133007 3.6588073 -16.9173431 0.0873651 0.1371249 -0.0827638 0.9832163
1520511348.662478 -16.1365738 3.6341052 -16.6504631 0.1023274 0.1021904 -0.0623198 0.9875233
1520511349.312457 -16.0332241 3.6118770 -16.3531494 0.0886900 0.1493471 -0.0652630 0.9826344
1520511349.962470 -16.0100021 3.5778587 -16.0422134 0.0899897 0.0327960 -0.1121841 0.9890608
1520511350.462528 -15.9449062 3.5582068 -15.8105831 0.1075876 0.0827174 -0.0886677 0.9867730
1520511351.012471 -15.9161024 3.5393319 -15.5606270 0.1142730 0.0354323 -0.0940069 0.9883568
1520511351.462475 -15.8583603 3.5238853 -15.3639984 0.1041807 0.0843020 -0.0781543 0.9878925
1520511351.912459 -15.8277702 3.5038645 -15.1628866 0.0899000 0.0125658 -0.0846937 0.9922637
1520511352.362483 -15.8033466 3.4797101 -14.9604006 0.0866411 0.0155705 -0.0876732 0.9922522
1520511352.812498 -15.7633886 3.4709840 -14.7543421 0.0851017 -0.0115549 -0.0774685 0.9932889
1520511353.362513 -15.7436399 3.4410527 -14.5015726 0.1093165 0.0110591 -0.0762113 0.9910193
1520511353.812500 -15.7043676 3.4246149 -14.2831554 0.1135852 0.0242923 -0.0643295 0.9911458
1520511354.312519 -15.7155037 3.4264631 -14.0438013 0.0875170 -0.0102152 -0.0732250 0.9934157
1520511354.862654 -15.7110472 3.4162123 -13.7904701 0.0747381 0.0098254 -0.0661395 0.9949590
1520511355.362557 -15.7247820 3.4011865 -13.5699711 0.0960823 -0.0486614 -0.0707455 0.9916630
1520511355.862588 -15.7027426 3.3878016 -13.3567190 0.0834869 0.0186790 -0.0713304 0.9937772
1520511356.362589 -15.7106361 3.3754125 -13.1301928 0.0751392 -0.0365826 -0.0833780 0.9930074
1520511356.912626 -15.6830521 3.3578596 -12.8766174 0.0825158 0.0248045 -0.0759018 0.9933856
1520511357.412628 -15.6693506 3.3475523 -12.6513252 0.0625754 -0.0487289 -0.0863300 0.9931048
1520511357.962662 -15.6258173 3.3240287 -12.3932629 0.0664338 0.0354718 -0.0730988 0.9944773
1520511358.462656 -15.6037102 3.3022671 -12.1644888 0.0686204 -0.0010326 -0.0740571 0.9948899
1520511358.962680 -15.5916109 3.2752349 -11.9287767 0.0835119 0.0088787 -0.0696279 0.9940317
1520511359.562708 -15.5461884 3.2650814 -11.6593132 0.0665846 -0.0194139 -0.0776394 0.9945660
1520511360.112740 -15.5135832 3.2452083 -11.4085484 0.0588215 0.0356821 -0.0669736 0.9953799
1520511360.712752 -15.4891148 3.2292254 -11.1351795 0.0663034 -0.0281396 -0.0752362 0.9945609
1520511361.312783 -15.4552488 3.2028942 -10.8579044 0.0755922 0.0400344 -0.0776829 0.9933019
1520511361.912796 -15.4282484 3.1929650 -10.5862379 0.0734693 -0.0176372 -0.0825436 0.9937192
1520511362.462840 -15.3972578 3.1725087 -10.3323059 0.0935558 0.0241640 -0.0877397 0.9914461
1520511363.112868 -15.3967457 3.1543908 -10.0335007 0.0697663 -0.0550363 -0.0716498 0.9934637
1520511363.612927 -15.3681374 3.1420493 -9.8015280 0.0784886 0.0011225 -0.0857581 0.9932190
1520511364.162938 -15.3761368 3.1294136 -9.5438690 0.0684097 -0.0603461 -0.0745116 0.9930391
1520511364.762963 -15.3521423 3.1111045 -9.2524099 0.0758952 -0.0153959 -0.0774293 0.9939858
1520511365.312953 -15.3630123 3.0953507 -8.9869404 0.0725263 -0.0405637 -0.0696634 0.9941034
1520511365.812960 -15.3350000 3.0850577 -8.7442532 0.0809696 -0.0049159 -0.0757577 0.9938213
1520511366.312960 -15.3390741 3.0696948 -8.5034733 0.0698214 -0.0567320 -0.0900242 0.9918679
1520511366.912977 -15.2886705 3.0485644 -8.2130394 0.0704506 0.0102796 -0.0962958 0.9928033
1520511367.512992 -15.2717276 3.0208139 -7.9245906 0.0786942 0.0147415 -0.1031240 0.9914411
1520511368.013011 -15.2418785 3.0096171 -7.6868196 0.0721096 0.0362959 -0.0702581 0.9942569
1520511368.613032 -15.2327089 2.9916091 -7.4127369 0.0544996 -0.0138383 -0.0861592 0.9946933
1520511369.213050 -15.2028103 2.9616754 -7.1112871 0.0777468 -0.0124554 -0.0674332 0.9946121
1520511369.813067 -15.1990871 2.9409244 -6.8195949 0.0464904 0.0168287 -0.0501935 0.9975150
1520511370.413078 -15.1972818 2.9324641 -6.5320239 0.0432438 -0.0291242 -0.0797708 0.9954489
1520511370.863093 -15.2030382 2.9141362 -6.3189735 0.0480366 -0.0153143 -0.0544664 0.9972419
1520511371.413112 -15.1878176 2.8906653 -6.0473132 0.0759595 0.0052802 -0.0408444 0.9962600
1520511371.863137 -15.1903639 2.8775175 -5.8358846 0.0594265 -0.0032653 -0.0561864 0.9966449
1520511372.363253 -15.1791716 2.8739233 -5.5899758 0.0769076 0.0015105 -0.0492756 0.9958186
1520511372.863176 -15.1923933 2.8664348 -5.3427758 0.0521843 -0.0110897 -0.0558550 0.9970126
1520511373.313211 -15.1596060 2.8629293 -5.1213293 0.0614462 0.0411721 -0.0616253 0.9953551
1520511373.813204 -15.1567965 2.8495204 -4.8778934 0.0413720 -0.0248850 -0.0657706 0.9966662
1520511374.213223 -15.1316500 2.8264074 -4.6835413 0.0588699 0.0566143 -0.0371079 0.9959679
1520511374.663210 -15.1127367 2.8078499 -4.4692550 0.0740195 0.0128330 -0.0487726 0.9959807
1520511375.113250 -15.1123857 2.7966218 -4.2518320 0.0690715 -0.0078845 -0.0468975 0.9964777
1520511375.563274 -15.0744905 2.7952092 -4.0332193 0.0669898 -0.0051993 -0.0623211 0.9957919
1520511375.963302 -15.0738649 2.7850468 -3.8373489 0.0657794 -0.0302796 -0.0579343 0.9956907
1520511376.413351 -15.0669308 2.7746768 -3.6220813 0.0443778 0.0152337 -0.0580975 0.9972076
1520511376.863355 -15.0597248 2.7517653 -3.3961847 0.0433662 -0.0268479 -0.0615958 0.9967972
1520511377.363387 -15.0461588 2.7367687 -3.1467161 0.0524381 0.0139875 -0.0584155 0.9968160
1520511377.763394 -15.0123749 2.7329235 -2.9533753 0.0540980 0.0116714 -0.0570170 0.9968382
1520511378.213377 -14.9970407 2.7248120 -2.7418752 0.0489407 -0.0420125 -0.0939653 0.9934840
1520511378.613405 -14.9554167 2.7107208 -2.5466413 0.0508312 0.0464700 -0.0646014 0.9955318
1520511379.063392 -14.9323530 2.6944942 -2.3352790 0.0310784 -0.0190248 -0.0671021 0.9970806
1520511379.513408 -14.9037046 2.6690226 -2.1133502 0.0564727 0.0296162 -0.0772312 0.9949719
1520511379.963414 -14.8571854 2.6706939 -1.9008658 0.0469823 0.0387352 -0.0727275 0.9954914
1520511380.413429 -14.8414001 2.6655924 -1.6904836 0.0353355 -0.0075486 -0.0909354 0.9952010
1520511380.963450 -14.7939644 2.6471682 -1.4340571 0.0591650 0.0448535 -0.0707317 0.9947284
1520511381.363451 -14.7821741 2.6396284 -1.2565043 0.0297890 -0.0581386 -0.0862575 0.9941288
1520511381.813481 -14.7408609 2.6164515 -1.0399653 0.0373644 0.0374529 -0.0731180 0.9959192
1520511382.213474 -14.6926947 2.6025357 -0.8397449 0.0375332 0.0591605 -0.0629106 0.9955570
1520511382.613472 -14.6805334 2.6045339 -0.6548961 0.0517779 0.0392006 -0.0659146 0.9957095
1520511383.063484 -14.6424637 2.6034858 -0.4441857 0.0370096 0.1016620 -0.0660977 0.9919305
1520511383.463469 -14.6492777 2.5743361 -0.2612200 0.0403129 0.0185522 -0.0684314 0.9966684
1520511383.913477 -14.6350422 2.5499945 -0.0673754 0.0484875 0.0694982 -0.0508865 0.9951027
1520511384.313474 -14.6226006 2.5428658 0.1071746 0.0655309 0.0318266 -0.0652340 0.9952073
1520511384.763475 -14.6237926 2.5382698 0.3017547 0.0443452 -0.0142490 -0.0609839 0.9970513
1520511385.163493 -14.5852261 2.5362458 0.4721676 0.0413653 0.0316800 -0.0502531 0.9973764
1520511385.613484 -14.5675154 2.5090604 0.6616871 0.0407547 -0.0500578 -0.0585293 0.9961966
1520511386.063490 -14.5316019 2.4920645 0.8569067 0.0544117 0.0297214 -0.0765793 0.9951341
1520511386.463482 -14.5000057 2.4842186 1.0146379 0.0417123 0.0476117 -0.0578408 0.9963171
1520511386.863496 -14.4837599 2.4838538 1.1794552 0.0305729 -0.0076795 -0.0708275 0.9969904
1520511387.313508 -14.4533577 2.4638927 1.3633561 0.0417320 0.0471283 -0.0715387 0.9954495
1520511387.663519 -14.4412622 2.4519472 1.5116565 0.0638373 -0.0088528 -0.0793528 0.9947610
1520511388.063517 -14.4400959 2.4530582 1.6764306 0.0474330 -0.0576365 -0.1136610 0.9907116
1520511388.363535 -14.4253817 2.4399621 1.7938838 0.0377437 0.0125176 -0.0843470 0.9956427
1520511388.663533 -14.4102850 2.4389346 1.9165928 0.0406658 0.0023088 -0.0686469 0.9968091
1520511388.963536 -14.4187002 2.4237120 2.0300002 0.0540184 -0.0619630 -0.0897038 0.9925704
1520511389.313546 -14.4105053 2.4118457 2.1749268 0.0416958 0.0050080 -0.0976365 0.9943358
1520511389.713565 -14.3777752 2.4184363 2.3248723 0.0321382 0.0563927 -0.0762772 0.9949718
1520511390.063552 -14.3685503 2.4047437 2.4556451 0.0375189 0.0015766 -0.0653186 0.9971577
1520511390.363560 -14.3343134 2.3914976 2.5746930 0.0351000 0.0990660 -0.0576436 0.9927896
1520511390.613550 -14.2814312 2.3761392 2.6570926 0.0521623 0.2220577 -0.0453300 0.9725815
1520511391.013530 -14.1963453 2.3549380 2.7770386 0.0737564 0.2621009 -0.0338550 0.9616221
1520511391.363528 -14.1049242 2.3409369 2.8767757 0.0957534 0.3693849 -0.0375655 0.9235665
1520511391.763541 -13.9859962 2.3044233 2.9332519 0.0903078 0.5546670 -0.0407488 0.8261530
1520511392.113542 -13.9057484 2.2566681 2.9581542 0.0941943 0.5627203 -0.0358454 0.8204805
1520511392.463552 -13.7904558 2.2284584 2.9768872 0.0981429 0.6455931 -0.0365821 0.7564651
1520511392.663559 -13.7445927 2.1911149 2.9603958 0.0991703 0.7367800 -0.0370569 0.6677929
1520511392.863564 -13.6835938 2.1685476 2.9021163 0.1102222 0.8170269 -0.0235946 0.5654745
1520511393.013594 -13.6514292 2.1697414 2.8509490 0.1108145 0.8570877 -0.0237812 0.5025485
1520511393.213600 -13.5879955 2.1422243 2.8332653 0.1087072 0.8814865 -0.0177946 0.4591812
1520511393.413640 -13.5580730 2.1274469 2.7968173 0.0849787 0.9179991 -0.0116140 0.3871969
1520511393.513643 -13.5400038 2.1332502 2.7529178 0.0906336 0.9350215 -0.0138118 0.3425342
1520511393.613647 -13.5224466 2.1244245 2.7214737 0.0807751 0.9544858 -0.0243587 0.2860751
1520511393.763650 -13.5014420 2.0895791 2.6907544 0.0500975 0.9798942 -0.0436522 0.1881284
1520511394.113684 -13.5205154 2.1042316 2.5315750 0.0723111 0.9964665 -0.0195420 0.0379959
1520511394.263708 -13.5103121 2.0946918 2.4929929 0.0875351 0.9956084 -0.0057352 0.0326905
1520511394.413713 -13.4984150 2.0754943 2.4580405 0.0988713 0.9936247 -0.0243070 0.0484123
1520511394.613719 -13.4885464 2.0571733 2.4081831 0.0906472 0.9930739 -0.0206506 0.0718382
1520511394.763734 -13.4835529 2.0430193 2.3749075 0.0838716 0.9944885 -0.0277632 0.0564558
1520511394.963740 -13.4926720 2.0132604 2.3363252 0.0582084 0.9974034 -0.0318958 0.0279464
1520511395.463745 -13.5220737 1.9746252 2.2480819 -0.0764367 -0.9967882 0.0228728 0.0069043
1520511395.613750 -13.5263777 1.9596752 2.2267847 0.0802708 0.9966141 -0.0162397 0.0073063
1520511395.813757 -13.5256004 1.9573742 2.1974049 0.0854170 0.9958275 -0.0045741 0.0317919
1520511396.213772 -13.5370865 1.9130099 2.1256628 -0.0836140 -0.9963384 -0.0037708 0.0174453
1520511396.413784 -13.5421696 1.9082773 2.0963523 -0.0812952 -0.9961505 -0.0146223 0.0293523
1520511396.713799 -13.5465403 1.9078927 2.0492682 0.0900367 0.9955785 0.0263028 0.0049823
1520511397.413818 -13.5674639 1.8246477 1.9249488 0.0970998 0.9949626 0.0166440 0.0185411
1520511397.663825 -13.5829973 1.8009871 1.8769618 -0.1099265 -0.9937204 0.0162966 0.0130591
1520511397.913827 -13.5936613 1.8209345 1.8247522 -0.1064284 -0.9939669 -0.0051621 0.0260054
1520511398.213836 -13.6137753 1.8220880 1.7311592 -0.1033000 -0.9942908 0.0109843 0.0243808
1520511398.513854 -13.6181355 1.8205861 1.6394489 0.0947013 0.9947454 -0.0381140 0.0077926
1520511398.763851 -13.6222601 1.8068732 1.5537348 -0.0630177 -0.9977010 0.0249284 0.0003387
1520511399.113861 -13.6472569 1.7770686 1.4641694 -0.0648663 -0.9961596 0.0342195 0.0478297
1520511399.363874 -13.6542130 1.7669362 1.4024391 -0.0790390 -0.9955825 0.0352569 0.0364016
1520511400.863921 -13.7246046 1.6219448 1.1194572 -0.0738527 -0.9959940 0.0355528 0.0357482
1520511401.213927 -13.7305298 1.5888566 1.0554976 -0.0345352 -0.9983917 0.0400189 0.0204924
1520511401.513937 -13.7360487 1.5662136 1.0066214 -0.0514770 -0.9971501 0.0280422 0.0474932
1520511401.863946 -13.7403440 1.5558704 0.9436450 -0.0586446 -0.9971276 0.0374069 0.0299696
1520511402.213960 -13.7399912 1.5208293 0.8899415 0.0656510 0.9959970 -0.0580768 0.0175292
1520511402.563958 -13.7526579 1.4923663 0.8249200 -0.0566786 -0.9974645 0.0416763 0.0107429
1520511402.863971 -13.7705545 1.4678414 0.7780271 -0.0714139 -0.9941093 0.0529707 0.0619728
1520511403.213981 -13.7904406 1.4292169 0.7220916 -0.0633263 -0.9957931 0.0439969 0.0495002
1520511405.014012 -13.8143263 1.3030624 0.4216743 0.0750664 0.9950414 -0.0625221 0.0186681
1520511405.414016 -13.8233089 1.2566125 0.3534886 -0.0778302 -0.9941610 0.0583431 0.0467195
1520511405.714026 -13.8318357 1.2577994 0.3033134 -0.0745323 -0.9946020 0.0556793 0.0459543
1520511406.064037 -13.8481236 1.2099246 0.2536208 -0.0901213 -0.9942146 0.0564963 0.0149601
1520511406.414045 -13.8411465 1.2082269 0.1984366 0.0935563 0.9938819 -0.0521986 0.0268573
1520511406.714047 -13.8520775 1.1673136 0.1501469 -0.0847902 -0.9950108 0.0473933 0.0227566
1520511407.064062 -13.8752546 1.1599356 0.0996733 -0.0740181 -0.9950860 0.0387286 0.0531546
1520511407.414122 -13.9120474 1.1148922 0.0451503 -0.0667524 -0.9947267 0.0494541 0.0601440
1520511407.764083 -13.9338846 1.1091880 -0.0009799 -0.0769487 -0.9929957 0.0338834 0.0830093
1520511408.214104 -13.9701576 1.0680337 -0.0629573 -0.0813322 -0.9814123 0.0258642 0.1718901
1520511408.564126 -14.0140905 1.0736632 -0.1051879 -0.0618666 -0.9699780 0.0156301 0.2346720
1520511408.914137 -14.0942898 1.0680944 -0.1767669 -0.0647073 -0.9563977 0.0370706 0.2823862
1520511409.364173 -14.1846361 1.0870005 -0.2671132 -0.0580422 -0.9449732 0.0393428 0.3195449
1520511409.714184 -14.2894354 1.0900702 -0.3395329 -0.0348307 -0.9024094 0.0514390 0.4263781
1520511410.064212 -14.3981018 1.1213537 -0.3973832 -0.0327318 -0.8797895 0.0301191 0.4732781
1520511410.464248 -14.5227890 1.1276503 -0.4863715 -0.0149234 -0.9011856 0.0465492 0.4306681
1520511410.914266 -14.6778297 1.1464734 -0.5832539 0.0006563 -0.8807535 0.0397161 0.4719063
1520511411.264287 -14.7942953 1.1770324 -0.6610312 0.0022989 -0.8956310 0.0191961 0.4443774
1520511411.614304 -14.8645039 1.1841332 -0.7766790 -0.0218783 -0.9580368 0.0312147 0.2840996
1520511411.964315 -14.9362793 1.1930411 -0.8973255 -0.0215079 -0.9613484 0.0354187 0.2721984
1520511412.264326 -14.9958334 1.2245463 -0.9973979 -0.0359939 -0.9675651 0.0111354 0.2497966
1520511412.614337 -15.0420361 1.2230725 -1.1309290 -0.0531171 -0.9870393 0.0315055 0.1481200
1520511412.964353 -15.0680027 1.2281733 -1.2759209 -0.0621155 -0.9947221 0.0511931 0.0636326
1520511413.414348 -15.1495838 1.2480077 -1.4446964 -0.0565784 -0.9885454 0.0492038 0.1309811
1520511413.764364 -15.1755857 1.2417258 -1.5788448 -0.0709893 -0.9941886 0.0568572 0.0575900
1520511414.214387 -15.2169647 1.2503468 -1.7642164 -0.0594185 -0.9929043 0.0657008 0.0793350
1520511414.564393 -15.2578926 1.2743629 -1.8990376 -0.0582827 -0.9919986 0.0442286 0.1028880
1520511414.814426 -15.2705126 1.2662730 -2.0003633 -0.0694397 -0.9947513 0.0598655 0.0454345
1520511415.064435 -15.2722330 1.2799691 -2.1032770 -0.0716568 -0.9954576 0.0625623 0.0039458
1520511415.364440 -15.2971172 1.2709645 -2.2220492 -0.0609151 -0.9942182 0.0626779 0.0623788
1520511415.614440 -15.3249855 1.2921972 -2.3242104 -0.0599719 -0.9924888 0.0532923 0.0923549
1520511415.964477 -15.3394871 1.2876123 -2.4709501 -0.0730652 -0.9952742 0.0604419 0.0209210
1520511416.364468 -15.3528948 1.2956579 -2.6353605 -0.0708734 -0.9939667 0.0695206 0.0466278
1520511416.664477 -15.3852396 1.3150297 -2.7552116 -0.0676068 -0.9907628 0.0585146 0.1019533
1520511417.014501 -15.4067650 1.3107213 -2.9004250 -0.0774034 -0.9930653 0.0756651 0.0458763
1520511417.314509 -15.4106894 1.3252752 -3.0296297 -0.0706934 -0.9942074 0.0794381 0.0156164
1520511417.614491 -15.4414434 1.3244962 -3.1459894 -0.0627030 -0.9930114 0.0731061 0.0682078
1520511417.864498 -15.4694118 1.3431226 -3.2505929 -0.0535462 -0.9918737 0.0685602 0.0928382
1520511418.064513 -15.4822397 1.3365533 -3.3304009 -0.0462140 -0.9932548 0.0778151 0.0724827
1520511418.364513 -15.4842091 1.3519802 -3.4509771 -0.0602967 -0.9949657 0.0725964 0.0337246
1520511418.614521 -15.4989910 1.3477750 -3.5462241 -0.0657808 -0.9932721 0.0633847 0.0711756
1520511419.014530 -15.5325317 1.3720691 -3.7097192 -0.0636893 -0.9945439 0.0527724 0.0635698
1520511419.364543 -15.5392361 1.3766518 -3.8508945 -0.0584678 -0.9961084 0.0626737 0.0205307
1520511419.664540 -15.5550308 1.3777969 -3.9713879 -0.0592651 -0.9945123 0.0559217 0.0656190
1520511419.964549 -15.5820198 1.4003704 -4.0884347 -0.0561949 -0.9929926 0.0430907 0.0946093
1520511420.264569 -15.5939989 1.3981078 -4.2109294 -0.0765416 -0.9955029 0.0419490 0.0368186
1520511420.564574 -15.5965843 1.4151756 -4.3413391 -0.0740496 -0.9964863 0.0374762 0.0112719
1520511421.014572 -15.6385679 1.4244555 -4.5224657 -0.0673006 -0.9905819 0.0481593 0.1090828
1520511421.414597 -15.6575871 1.4236431 -4.6918035 -0.0590267 -0.9946855 0.0555009 0.0635330
1520511421.764615 -15.6636353 1.4307901 -4.8370757 -0.0590554 -0.9942669 0.0596148 0.0662721
1520511422.114598 -15.6897297 1.4426243 -4.9727335 -0.0614065 -0.9914209 0.0572549 0.1001791
1520511422.514609 -15.6892729 1.4462759 -5.1349225 -0.0745233 -0.9945744 0.0659044 0.0304116
1520511422.964607 -15.6976137 1.4506323 -5.3234677 -0.0658555 -0.9941078 0.0687529 0.0518253
1520511423.364659 -15.7295332 1.4677541 -5.5030680 -0.0734421 -0.9895683 0.0688248 0.1030733
1520511423.864647 -15.7344656 1.4760054 -5.7189264 -0.0569577 -0.9939777 0.0816696 0.0457609
1520511424.264653 -15.7656641 1.4965494 -5.8810968 -0.0532542 -0.9932826 0.0569098 0.0855262
1520511424.714682 -15.7785997 1.5020885 -6.0824966 -0.0618998 -0.9959049 0.0635107 0.0175611
1520511425.164691 -15.8140993 1.5040319 -6.2755575 -0.0587226 -0.9916095 0.0584680 0.0992161
1520511425.564719 -15.8391094 1.5143006 -6.4485431 -0.0703245 -0.9912378 0.0716059 0.0858773
1520511425.964747 -15.8457747 1.5258451 -6.6173835 -0.0559003 -0.9955309 0.0657452 0.0383546
1520511426.314745 -15.8844948 1.5398328 -6.7500949 -0.0405903 -0.9937808 0.0366435 0.0970029
1520511426.714783 -15.9086685 1.5445139 -6.9188499 -0.0591954 -0.9966733 0.0324842 0.0456409
1520511427.214802 -15.9276609 1.5487475 -7.1302299 -0.0880904 -0.9927803 0.0608555 0.0540719
1520511427.664824 -15.9540176 1.5686073 -7.3189783 -0.0917626 -0.9923112 0.0576866 0.0597514
1520511428.064861 -15.9574938 1.5789825 -7.4860911 -0.0888537 -0.9943647 0.0571237 0.0089951
1520511428.464861 -15.9859734 1.5892158 -7.6536665 -0.0853397 -0.9933854 0.0256469 0.0724224
1520511428.964897 -16.0076523 1.5974927 -7.8697190 -0.0727901 -0.9965596 0.0308551 0.0248747
1520511429.414911 -16.0220127 1.6081200 -8.0613308 -0.0827951 -0.9947426 0.0235126 0.0554905
1520511429.864950 -16.0407219 1.6242635 -8.2552834 -0.0892664 -0.9953508 0.0201461 0.0300440
1520511430.364946 -16.0340271 1.6278079 -8.4731045 -0.0745336 -0.9965164 0.0307939 0.0212526
1520511430.864959 -16.0576553 1.6433790 -8.6860113 -0.0769525 -0.9955199 0.0346718 0.0426193
1520511431.264984 -16.0593262 1.6545227 -8.8641577 -0.0728720 -0.9961225 0.0449287 0.0202775
1520511431.664995 -16.0793152 1.6553729 -9.0293884 -0.0811937 -0.9939215 0.0417256 0.0615363
1520511432.165027 -16.0964909 1.6573570 -9.2441053 -0.0717663 -0.9960474 0.0492298 0.0177701
1520511432.615044 -16.1127090 1.6676494 -9.4451513 -0.0738746 -0.9954320 0.0398018 0.0455364
1520511433.065050 -16.1538696 1.6916411 -9.6266108 -0.0637595 -0.9954194 0.0335901 0.0628239
1520511433.465086 -16.1664658 1.7043961 -9.7899141 -0.0804830 -0.9944516 0.0541621 0.0406821
1520511433.965103 -16.2017784 1.7237376 -9.9947014 -0.0806598 -0.9935368 0.0432534 0.0671391
1520511434.515115 -16.2122364 1.7201560 -10.2302570 0.0719645 0.9943153 -0.0627904 0.0470707
1520511434.965100 -16.2528229 1.7366405 -10.4012270 -0.0697685 -0.9960858 0.0225315 0.0493740
1520511435.715144 -16.2853813 1.7489427 -10.7150545 -0.0682655 -0.9971724 0.0283717 0.0134994
1520511436.315153 -16.3345013 1.7683731 -10.9613314 -0.0628057 -0.9962314 0.0281594 0.0527785
1520511436.865167 -16.3698578 1.7755060 -11.1887054 -0.0491850 -0.9947266 0.0275613 0.0856756
1520511437.415193 -16.4102211 1.7882074 -11.4112339 -0.0603288 -0.9956636 0.0263626 0.0657238
1520511437.915201 -16.4256363 1.7982558 -11.6242847 -0.0538788 -0.9965140 0.0278397 0.0572894
1520511438.415191 -16.4530087 1.8145416 -11.8272295 -0.0572005 -0.9972798 0.0290372 0.0363044
1520511439.015177 -16.4613552 1.8161838 -12.0811005 0.0595634 0.9979346 -0.0239549 0.0022517
1520511439.715179 -16.4910946 1.8284273 -12.3630428 0.0560949 0.9974769 -0.0310239 0.0305085
1520511440.315183 -16.5388107 1.8476586 -12.6044464 -0.0619806 -0.9928942 0.0158607 0.1003393
1520511440.865201 -16.5416489 1.8642988 -12.8253603 0.0586579 0.9978347 -0.0154406 0.0254315
1520511441.365204 -16.5654621 1.8690445 -13.0355263 -0.0579563 -0.9959812 0.0178657 0.0659049
1520511441.965241 -16.5726986 1.8908443 -13.3027840 0.0500797 0.9972725 -0.0201244 0.0503433
1520511442.465242 -16.5891266 1.9006341 -13.5227308 -0.0745181 -0.9966467 0.0040268 0.0335608
1520511442.965273 -16.5942364 1.9031618 -13.7426834 0.0535537 0.9972889 -0.0362317 0.0351329
1520511443.415254 -16.6059589 1.8981190 -13.9325399 -0.0790030 -0.9954490 0.0357969 0.0394786
1520511443.865290 -16.6209354 1.9158561 -14.1222792 -0.0834699 -0.9956738 0.0387903 0.0127269
1520511444.315289 -16.6186085 1.9239022 -14.3116541 -0.0608072 -0.9969571 0.0477989 0.0097196
1520511444.815294 -16.6744919 1.9460683 -14.5193863 -0.0559672 -0.9938907 0.0371759 0.0875614
1520511445.315332 -16.6826229 1.9577894 -14.7302017 0.0558826 0.9978595 -0.0323004 0.0105086
1520511445.765344 -16.7298050 1.9670224 -14.9191875 -0.0506533 -0.9937533 0.0138898 0.0984674
1520511446.115355 -16.7342262 1.9599121 -15.0667868 0.0467533 0.9978324 -0.0375433 0.0271157
1520511446.565369 -16.7426929 1.9698514 -15.2551136 0.0396139 0.9987397 -0.0298851 0.0075321
1520511447.015405 -16.7725887 1.9871135 -15.4454098 -0.0703184 -0.9968644 0.0338037 0.0131946
1520511447.515413 -16.7558193 1.9914367 -15.6555099 0.0724093 0.9952495 -0.0436250 0.0482951
1520511448.015429 -16.8034611 2.0101333 -15.8611498 -0.0600864 -0.9954484 0.0481852 0.0561295
1520511448.515469 -16.8060246 2.0262499 -16.0648785 0.0666393 0.9964092 -0.0460586 0.0246258
1520511448.915546 -16.8223114 2.0246344 -16.2209473 -0.0702838 -0.9964420 0.0283210 0.0369010
1520511449.265494 -16.8480377 2.0335646 -16.3636551 -0.0761276 -0.9957829 0.0440363 0.0261163
1520511449.615514 -16.8526688 2.0463378 -16.5067368 0.0618633 0.9972847 -0.0381242 0.0119480
1520511450.165532 -16.8859577 2.0598917 -16.7176971 -0.0596364 -0.9928958 0.0263867 0.0995256
1520511450.715582 -16.8914490 2.0640376 -16.9486523 0.0643885 0.9969345 -0.0432786 0.0101421
1520511451.215603 -16.9234505 2.0774760 -17.1522942 -0.0541899 -0.9964357 0.0243324 0.0598926
1520511451.665620 -16.9447365 2.0803032 -17.3371506 -0.0706544 -0.9966205 0.0397817 0.0131585
1520511452.015627 -16.9644566 2.0825217 -17.4853573 -0.0565959 -0.9958717 0.0303691 0.0641414
1520511452.365637 -17.0041771 2.1042159 -17.6244793 -0.0693857 -0.9899626 0.0242297 0.1207173
1520511452.715652 -17.0140266 2.0972004 -17.7576313 -0.0723212 -0.9951089 0.0255382 0.0622566
1520511453.115652 -17.0255356 2.1030660 -17.9123135 -0.0599459 -0.9950653 0.0350372 0.0708807
1520511453.515664 -17.0693588 2.1249397 -18.0613098 -0.0677493 -0.9912511 0.0279271 0.1097799
1520511454.065673 -17.0876007 2.1286793 -18.2690754 -0.0649144 -0.9956452 0.0330513 0.0581749
1520511454.465679 -17.1273804 2.1424055 -18.4111290 -0.0488674 -0.9904118 0.0101754 0.1288133
1520511454.865699 -17.1535969 2.1420560 -18.5694923 -0.0625014 -0.9955726 0.0190733 0.0675653
1520511455.415699 -17.1965179 2.1529760 -18.7821045 -0.0632512 -0.9892278 0.0139240 0.1312782
1520511455.765717 -17.2361755 2.1773977 -18.9161110 -0.0708030 -0.9895520 0.0075271 0.1253683
1520511456.215740 -17.2514839 2.1850138 -19.0930309 -0.0701576 -0.9956161 0.0224972 0.0576225
1520511456.565726 -17.2991123 2.1896045 -19.2218018 -0.0570984 -0.9884794 0.0143663 0.1394337
1520511456.865751 -17.3288422 2.2054453 -19.3359756 -0.0652802 -0.9915001 0.0201753 0.1107199
1520511457.215726 -17.3477707 2.2110672 -19.4690514 -0.0505690 -0.9972879 0.0337243 0.0415015
1520511457.515736 -17.3824997 2.2080622 -19.5846767 -0.0501267 -0.9921741 0.0428525 0.1060268
1520511457.865721 -17.4334526 2.2351000 -19.7152157 -0.0518106 -0.9892096 0.0190349 0.1357125
1520511458.265730 -17.4466553 2.2351987 -19.8399677 -0.0614533 -0.9953753 0.0289889 0.0679071
1520511458.665725 -17.4692364 2.2371869 -19.9748535 -0.0716128 -0.9896922 0.0209344 0.1222406
1520511459.015734 -17.4969234 2.2555904 -20.0946541 -0.0597930 -0.9918124 0.0191039 0.1112107
1520511459.415742 -17.4986401 2.2618194 -20.2312393 -0.0593818 -0.9976389 0.0226622 0.0260203
1520511459.815743 -17.5350723 2.2639377 -20.3742409 -0.0482596 -0.9942684 0.0166809 0.0939304
1520511460.165754 -17.5631084 2.2781594 -20.4984207 -0.0706464 -0.9933674 0.0211939 0.0882109
1520511460.565761 -17.5702324 2.2808912 -20.6442909 -0.0624264 -0.9959056 0.0469503 0.0455055
1520511461.015770 -17.5955677 2.2851257 -20.7914276 -0.0469777 -0.9949428 0.0334773 0.0822271
1520511461.465784 -17.6027203 2.2868247 -20.9375610 -0.0452796 -0.9983711 0.0329359 0.0109687
1520511462.015792 -17.6007843 2.2902098 -21.1096382 -0.0563728 -0.9966547 0.0429965 0.0406573
1520511462.515797 -17.5672684 2.2960200 -21.2485313 0.0597073 0.9872087 -0.0656043 0.1324775
1520511463.015790 -17.5038395 2.2778285 -21.3098812 0.0766247 0.9429697 -0.0933402 0.3102008
1520511463.665791 -17.5076447 2.2802522 -21.3059292 0.0694549 0.6700033 -0.0809376 0.7346569
1520511464.065796 -17.5434380 2.2886796 -21.2191467 0.0807057 0.4354439 -0.0848316 0.8925686
1520511464.465827 -17.5688667 2.3017855 -21.1346760 0.0667541 0.2560161 -0.0761352 0.9613547
1520511464.765872 -17.5437965 2.2952487 -21.0898361 0.0667328 0.1748559 -0.0624063 0.9803457
1520511465.015910 -17.5460033 2.2897904 -20.9921265 0.0716201 0.0809228 -0.0748874 0.9913194
1520511465.415941 -17.5089703 2.2844291 -20.8741989 0.0647015 0.0889978 -0.0766902 0.9909649
1520511465.815957 -17.4508705 2.2787085 -20.7380581 0.0696897 0.1215155 -0.0757089 0.9872413
1520511466.115967 -17.4219112 2.2689395 -20.6412048 0.0539615 0.0660487 -0.0878869 0.9924725
1520511466.466013 -17.3869896 2.2567680 -20.5069866 0.0575153 0.0971383 -0.0892229 0.9895936
1520511466.866019 -17.3363342 2.2533598 -20.3606396 0.0745109 0.1067001 -0.0799528 0.9882666
1520511467.266032 -17.3157368 2.2416596 -20.2144585 0.0453929 0.0303025 -0.0784257 0.9954249
1520511467.566089 -17.2965431 2.2323289 -20.1028900 0.0393494 0.0712212 -0.0933360 0.9923042
1520511467.916094 -17.2610073 2.2348764 -19.9719830 0.0427334 0.0764939 -0.0806907 0.9928805
1520511468.216103 -17.2544250 2.2204623 -19.8552685 0.0414362 0.0111900 -0.0689806 0.9966942
1520511468.416104 -17.2514954 2.2248144 -19.7741165 0.0364514 -0.0108499 -0.0719153 0.9966854
1520511468.766123 -17.2235641 2.2082767 -19.6370964 0.0344925 0.0523051 -0.0720105 0.9954341
1520511468.966129 -17.2018261 2.2137825 -19.5562572 0.0450879 0.0666444 -0.0692048 0.9943523
1520511469.316115 -17.1802616 2.2015827 -19.4225311 0.0346095 0.0104005 -0.0777106 0.9963208
1520511469.516126 -17.1664562 2.2029777 -19.3368778 0.0477956 0.0174166 -0.0835086 0.9952077
1520511469.766128 -17.1390896 2.1860697 -19.2357101 0.0569983 0.0681880 -0.0712927 0.9934883
1520511470.066129 -17.1005363 2.1888628 -19.1170444 0.0596913 0.0893729 -0.0852635 0.9905452
1520511470.416123 -17.0769176 2.1756485 -18.9849777 0.0606816 0.0272211 -0.0852915 0.9941338
1520511470.716133 -17.0628033 2.1665761 -18.8630104 0.0712751 0.0493394 -0.0910167 0.9920693
1520511471.166137 -17.0175667 2.1619053 -18.6835136 0.0577263 0.0645610 -0.0799023 0.9930332
1520511471.416146 -17.0132637 2.1559954 -18.5896397 0.0498412 0.0171299 -0.0778058 0.9955746
1520511471.816165 -16.9991455 2.1434970 -18.4307041 0.0701754 0.0353984 -0.0742198 0.9941398
1520511472.266181 -16.9735184 2.1384594 -18.2546234 0.0694701 0.0381489 -0.0584653 0.9951384
1520511472.766186 -16.9708061 2.1281700 -18.0594883 0.0769550 -0.0063548 -0.0675513 0.9947233
1520511473.216189 -16.9303761 2.1267874 -17.9051304 0.0779522 0.0743971 -0.0793010 0.9910096
1520511473.616185 -16.9214363 2.1102271 -17.8316231 0.0719924 0.0372538 -0.0665439 0.9944854
1520511473.916195 -16.9114151 2.1063645 -17.7681675 0.0937651 0.0663279 -0.0771263 0.9903840
1520511474.216198 -16.8851719 2.1025908 -17.7103920 0.0830653 0.0877463 -0.0840589 0.9891080
1520511474.566198 -16.8699570 2.0946674 -17.6376934 0.0690931 0.0396195 -0.0839041 0.9932858
1520511474.966217 -16.8629017 2.0910969 -17.5496674 0.0787184 0.0431453 -0.0970331 0.9912248
1520511475.416234 -16.8442535 2.0902090 -17.4557953 0.0817119 0.0523522 -0.1040078 0.9898306
1520511475.866243 -16.8459988 2.0856521 -17.3508625 0.0863242 -0.0147696 -0.0823346 0.9927493
1520511476.316273 -16.8305950 2.0811293 -17.2558899 0.0763241 0.0379878 -0.0984301 0.9914854
1520511476.716281 -16.8196697 2.0752628 -17.1667824 0.0664660 0.0105568 -0.0915365 0.9935249
1520511477.166295 -16.8127728 2.0684800 -17.0641708 0.0809843 0.0296428 -0.0983799 0.9914052
1520511477.666401 -16.8039474 2.0644615 -16.9533119 0.0842263 -0.0185058 -0.0816928 0.9929199
1520511478.116347 -16.8090153 2.0622129 -16.8528271 0.0607262 -0.0415927 -0.0821506 0.9938983
1520511478.566367 -16.7982826 2.0581741 -16.7541771 0.0958456 -0.0097467 -0.0844843 0.9917566
1520511479.016381 -16.7958832 2.0555947 -16.6555767 0.0922907 -0.0376996 -0.0852818 0.9913568
1520511479.516410 -16.7775707 2.0499396 -16.5448914 0.0958516 0.0500586 -0.0884167 0.9901966
1520511480.016409 -16.7638302 2.0449030 -16.4399662 0.0832222 0.0036311 -0.0766837 0.9935695
1520511480.466433 -16.7498264 2.0351214 -16.3427391 0.0859970 0.0542040 -0.0785025 0.9917176
1520511480.966433 -16.7431126 2.0292666 -16.2329407 0.0795543 -0.0126784 -0.0735616 0.9940318
1520511481.466473 -16.7406712 2.0238667 -16.1237087 0.0822409 -0.0074466 -0.0759523 0.9936863
1520511481.966479 -16.7299595 2.0224750 -16.0079861 0.0729279 -0.0207433 -0.0776823 0.9940910
1520511482.416485 -16.7331657 2.0217369 -15.9019222 0.0625816 -0.0489888 -0.0935222 0.9924401
1520511482.916505 -16.7319069 2.0182660 -15.7866373 0.0859445 -0.0278748 -0.0714946 0.9933404
1520511483.516518 -16.7482243 2.0088024 -15.6510611 0.1076330 -0.0429355 -0.0591115 0.9915026
1520511484.016535 -16.7424564 2.0080442 -15.5369778 0.0975427 -0.0235479 -0.0605389 0.9931093
1520511484.566548 -16.7415066 2.0015838 -15.4091759 0.1049260 0.0212822 -0.0602685 0.9924240
1520511485.066555 -16.7167320 2.0005274 -15.2928658 0.0884128 0.0616518 -0.0672142 0.9918995
1520511485.566579 -16.7091846 2.0006435 -15.1742477 0.0719162 0.0462768 -0.0707913 0.9938185
1520511486.066598 -16.6790161 1.9984236 -15.0564175 0.0716863 0.0731151 -0.0634627 0.9927173
1520511486.666623 -16.6622162 1.9829402 -14.9140797 0.0960685 0.0631740 -0.0644137 0.9912773
1520511487.166627 -16.6462727 1.9742455 -14.7912693 0.1165697 0.0242322 -0.0602174 0.9910592
1520511487.716654 -16.6422253 1.9667933 -14.6599045 0.0951389 0.0151718 -0.0662797 0.9931392
1520511488.266679 -16.6329136 1.9658737 -14.5302620 0.0775388 -0.0148182 -0.0629983 0.9948865
1520511488.866709 -16.6246567 1.9601514 -14.3942480 0.0776171 0.0224434 -0.0683787 0.9943823
1520511489.466724 -16.6306095 1.9594343 -14.2594423 0.0688808 -0.0691199 -0.0581094 0.9935297
1520511489.966758 -16.6238270 1.9571936 -14.1513090 0.0585181 0.0013291 -0.0836553 0.9947742
1520511490.516770 -16.6264687 1.9553933 -14.0282173 0.0580197 -0.0454685 -0.0733604 0.9945776
1520511491.066794 -16.6236267 1.9559815 -13.9046316 0.0434603 -0.0018183 -0.0713183 0.9965047
1520511491.566806 -16.6161251 1.9485817 -13.7817793 0.0450597 -0.0263595 -0.0579687 0.9969527
1520511492.116825 -16.6009407 1.9438870 -13.6504784 0.0605367 0.0454036 -0.0773009 0.9941320
1520511492.666837 -16.5864353 1.9394289 -13.5212574 0.0590148 0.0121706 -0.0647749 0.9960789
1520511493.216874 -16.5625668 1.9323454 -13.3924723 0.0666720 0.1016619 -0.0649263 0.9904567
1520511493.766891 -16.5497379 1.9255993 -13.2540503 0.0823007 0.0344514 -0.0621500 0.9940710
1520511494.316937 -16.5254688 1.9211714 -13.1201782 0.0802137 0.0985237 -0.0702171 0.9894081
1520511494.866945 -16.5178642 1.9151363 -12.9849539 0.0736741 0.0126582 -0.0681911 0.9948678
1520511495.366959 -16.4972477 1.9114258 -12.8666267 0.0759863 0.0727291 -0.0810591 0.9911437
1520511495.816952 -16.4891529 1.9029455 -12.7600660 0.0687158 0.0034635 -0.0717708 0.9950452
1520511496.366978 -16.4682865 1.8964205 -12.6262722 0.0724984 0.0934183 -0.0848648 0.9893509
1520511496.916978 -16.4642353 1.8922517 -12.4941206 0.0670591 0.0126213 -0.0731447 0.9949843
1520511497.517012 -16.4525204 1.8889854 -12.3543997 0.0727053 0.0422874 -0.0766140 0.9935070
1520511498.017026 -16.4451656 1.8845931 -12.2403135 0.0616222 -0.0092644 -0.0605854 0.9962161
1520511498.417108 -16.4348164 1.8726900 -12.1430931 0.0734983 0.0395174 -0.0602539 0.9946889
1520511498.867060 -16.4137325 1.8668277 -12.0393705 0.0808289 0.0512629 -0.0605723 0.9935642
1520511499.417074 -16.3979511 1.8602192 -11.9157238 0.0920950 0.0842152 -0.0757452 0.9892871
1520511499.867083 -16.3856239 1.8584931 -11.8079748 0.0973148 0.0860165 -0.0611981 0.9896393
1520511500.317102 -16.3891792 1.8580320 -11.7064075 0.0993603 0.0334932 -0.0777205 0.9914461
1520511500.767131 -16.3733006 1.8598561 -11.6043243 0.0721230 0.0820151 -0.0859320 0.9902967
1520511501.467180 -16.3769188 1.8462782 -11.4379864 0.0890898 -0.0037018 -0.0847092 0.9924081
1520511501.967209 -16.3453636 1.8439162 -11.3152924 0.0963438 0.0829854 -0.0810016 0.9885697
1520511502.417222 -16.3451214 1.8437889 -11.2091656 0.0655222 -0.0016493 -0.0809340 0.9945622
1520511502.867268 -16.3321819 1.8348498 -11.0990343 0.0936027 0.0520807 -0.0768085 0.9912753
1520511503.267273 -16.3275738 1.8266733 -11.0026617 0.0831675 -0.0257166 -0.0677604 0.9938965
1520511503.667290 -16.3213921 1.8233149 -10.9060192 0.0869337 -0.0011212 -0.0744763 0.9934257
1520511503.967298 -16.3044071 1.8264456 -10.8330240 0.0926667 0.0513695 -0.0785632 0.9912629
1520511504.267280 -16.2997475 1.8163545 -10.7599983 0.0884480 0.0274713 -0.0669849 0.9934462
1520511504.617292 -16.2972565 1.8193755 -10.6737108 0.0819938 0.0072493 -0.0559986 0.9950320
1520511504.967304 -16.2813339 1.8143640 -10.5910397 0.0789586 0.0713692 -0.0806303 0.9910454
1520511505.267301 -16.2747898 1.8079765 -10.5181198 0.0916223 0.0220441 -0.0679940 0.9932252
1520511505.617306 -16.2668991 1.8090668 -10.4348097 0.0985435 -0.0128037 -0.0919633 0.9907917
1520511505.917321 -16.2552242 1.7986257 -10.3640671 0.1045635 0.0358281 -0.0715232 0.9912958
1520511506.217329 -16.2420692 1.8025749 -10.2921038 0.0965144 0.0389975 -0.0762115 0.9916431
1520511506.517320 -16.2380753 1.7996614 -10.2264051 0.0776255 -0.0332687 -0.0805062 0.9931698
1520511506.767334 -16.2317390 1.7955434 -10.1667986 0.0878332 -0.0034267 -0.0758769 0.9932352
1520511507.117321 -16.2084045 1.7925651 -10.0869570 0.0896310 0.1032507 -0.0812662 0.9872696
1520511507.417331 -16.1995754 1.7854936 -10.0156593 0.0795221 0.0669756 -0.0695302 0.9921473
1520511507.767309 -16.1963062 1.7812858 -9.9340372 0.1020442 0.0331434 -0.0673116 0.9919465
1520511508.067319 -16.1844025 1.7749557 -9.8663664 0.0907816 0.0799441 -0.0767159 0.9896879
1520511508.467308 -16.1762619 1.7711575 -9.7720709 0.1028667 0.0417569 -0.0670039 0.9915571
1520511508.767311 -16.1817513 1.7726831 -9.7042017 0.1061364 -0.0187665 -0.0624083 0.9922138
1520511509.167322 -16.1708546 1.7654784 -9.6159525 0.0957067 0.0449656 -0.0743639 0.9916090
1520511509.467333 -16.1672249 1.7627082 -9.5446882 0.1055395 0.0107605 -0.0610316 0.9924822
1520511509.817326 -16.1735172 1.7666117 -9.4643993 0.0839772 -0.0473506 -0.0674888 0.9930514
1520511510.167346 -16.1646862 1.7561877 -9.3862543 0.0840564 0.0317333 -0.0678286 0.9936433
1520511510.517345 -16.1520729 1.7525709 -9.3026524 0.0999598 0.0512592 -0.0656247 0.9915009
1520511510.867345 -16.1556740 1.7491658 -9.2209501 0.1009003 0.0023234 -0.0624200 0.9929338
1520511511.317363 -16.1378994 1.7477045 -9.1182995 0.0744227 0.0970005 -0.0672498 0.9902170
1520511511.667355 -16.1157036 1.7433226 -9.0410461 0.0839092 0.1097365 -0.0630417 0.9884043
1520511512.017357 -16.0985699 1.7429171 -8.9617748 0.0781818 0.1217826 -0.0763124 0.9865257
1520511512.317366 -16.0681248 1.7299278 -8.8989754 0.0735791 0.2207040 -0.0773312 0.9694822
1520511512.717366 -16.0103130 1.7232678 -8.8234501 0.0841528 0.2991915 -0.0650248 0.9482482
1520511513.117357 -15.9509077 1.7138896 -8.7566357 0.0999432 0.3282126 -0.0796035 0.9359227
1520511513.517359 -15.8641949 1.6807804 -8.7298937 0.0908785 0.4805873 -0.0789031 0.8686492
1520511513.967362 -15.7988377 1.6503083 -8.7015266 0.0862790 0.5382350 -0.0508808 0.8368215
1520511514.367373 -15.7088699 1.6363095 -8.6757250 0.0823278 0.6231514 -0.0735397 0.7742715
1520511514.917390 -15.5767708 1.6207429 -8.6547632 0.1113954 0.6529772 -0.0737554 0.7455012
1520511515.567407 -15.4251595 1.6051701 -8.6343641 0.0857722 0.6709832 -0.0711855 0.7330466
1520511516.017420 -15.3176098 1.5899892 -8.6386738 0.0818567 0.6684824 -0.0804710 0.7348164
1520511516.417435 -15.2298803 1.5790011 -8.6375504 0.0701346 0.6801940 -0.0787561 0.7254066
1520511516.867449 -15.1253366 1.5752859 -8.6489248 0.0650897 0.7219463 -0.0729398 0.6850085
1520511517.317465 -15.0223885 1.5573802 -8.6338577 0.0612195 0.6538674 -0.0813570 0.7497271
1520511517.817480 -14.9040537 1.5426860 -8.6446657 0.0682954 0.7190673 -0.0468519 0.6899876
1520511518.267497 -14.7993298 1.5256344 -8.6412153 0.0407779 0.6750456 -0.0655470 0.7337262
1520511518.717511 -14.6978493 1.5086192 -8.6413145 0.0483926 0.6941229 -0.0665918 0.7151343
1520511519.167559 -14.5937395 1.5052146 -8.6613503 0.0474273 0.7332733 -0.0528369 0.6762167
1520511519.567540 -14.5004444 1.4920807 -8.6553650 0.0550689 0.6925476 -0.0602213 0.7167417
1520511519.917548 -14.4205008 1.4689837 -8.6640730 0.0749976 0.7385286 -0.0605258 0.6672987
1520511520.267558 -14.3367834 1.4631587 -8.6765327 0.0849194 0.7378029 -0.0745931 0.6654859
1520511520.617566 -14.2585459 1.4545457 -8.6762514 0.0722450 0.7050407 -0.0682740 0.7021659
1520511520.967577 -14.1787148 1.4368656 -8.6866608 0.0743027 0.7336544 -0.0940939 0.6688620
1520511521.267585 -14.1111212 1.4387815 -8.6942520 0.0704288 0.7316524 -0.0936394 0.6715327
1520511521.567597 -14.0451393 1.4271338 -8.6949263 0.0651260 0.6921248 -0.0847970 0.7138147
1520511521.867607 -13.9748154 1.4201634 -8.6976795 0.0752294 0.6943141 -0.0910063 0.7099200
1520511522.117615 -13.9201365 1.4117498 -8.7092800 0.0833577 0.7248598 -0.0755727 0.6796457
1520511522.467624 -13.8359289 1.4049168 -8.7183580 0.0800420 0.7177086 -0.0765445 0.6874799
1520511522.967641 -13.7167950 1.3924727 -8.7202387 0.0643790 0.6946048 -0.0883585 0.7110360
1520511523.367650 -13.6245661 1.3826981 -8.7364292 0.0827978 0.7347397 -0.0738075 0.6692194
1520511523.967730 -13.4807281 1.3665001 -8.7484016 0.0638231 0.7062033 -0.0915534 0.6991577
1520511524.467684 -13.3645792 1.3556013 -8.7650604 0.0711648 0.7407060 -0.0654921 0.6648315
1520511524.717707 -13.3084421 1.3436341 -8.7712851 0.0698385 0.7115857 -0.0558085 0.6968887
1520511524.967715 -13.2500820 1.3405957 -8.7739544 0.0587506 0.6975495 -0.0781904 0.7098305
1520511525.067740 -13.2257681 1.3376775 -8.7755833 0.0608415 0.7085158 -0.0851783 0.6978884
1520511525.217745 -13.1923838 1.3263566 -8.7792072 0.0672920 0.7256168 -0.0949873 0.6781810
1520511525.367749 -13.1596928 1.3207262 -8.7843075 0.0729562 0.7313642 -0.0817042 0.6731332
1520511525.467753 -13.1356869 1.3216341 -8.7872915 0.0762539 0.7338092 -0.0877808 0.6693309
1520511525.567968 -13.1111431 1.3213649 -8.7897081 0.0872116 0.7302556 -0.0923158 0.6712664
1520511525.717900 -13.0779209 1.3134122 -8.7916718 0.0924720 0.7098343 -0.0826310 0.6933659
1520511525.867904 -13.0472784 1.3060596 -8.7913313 0.0852089 0.6830013 -0.0877570 0.7201023
1520511526.068154 -13.0000629 1.3064163 -8.7894688 0.0780337 0.6637386 -0.0971107 0.7375170
1520511526.218158 -12.9654350 1.2985705 -8.7906971 0.0875508 0.6823866 -0.0947658 0.7195157
1520511526.368327 -12.9337997 1.2895799 -8.7945147 0.0905316 0.7041399 -0.0928187 0.6981230
1520511526.518332 -12.9000769 1.2889655 -8.7961273 0.0890815 0.7172381 -0.0851494 0.6858452
1520511526.668337 -12.8655462 1.2878425 -8.7967157 0.0839057 0.7179972 -0.0865497 0.6855283
1520511526.818471 -12.8322077 1.2785609 -8.7964392 0.0884854 0.7061335 -0.0789742 0.6980752
1520511526.968477 -12.8003244 1.2718656 -8.7939968 0.0877562 0.6870251 -0.0879955 0.7159275
1520511527.118710 -12.7665291 1.2713089 -8.7897959 0.0821089 0.6669391 -0.0854658 0.7356263
1520511527.268715 -12.7328825 1.2669446 -8.7875061 0.0801196 0.6802564 -0.0745570 0.7247575
1520511527.468721 -12.6901712 1.2588975 -8.7906179 0.0650147 0.7011315 -0.0628771 0.7072724
1520511527.669147 -12.6434736 1.2591523 -8.7927876 0.0748586 0.7164556 -0.0632048 0.6907189
1520511527.769150 -12.6201220 1.2564077 -8.7926483 0.0871310 0.7080862 -0.0681046 0.6974123
1520511527.919154 -12.5870886 1.2490096 -8.7919044 0.0855676 0.6857817 -0.0687907 0.7194787
1520511528.019681 -12.5662594 1.2453984 -8.7903643 0.0867718 0.6676155 -0.0710296 0.7360129
1520511528.219687 -12.5217648 1.2439419 -8.7881527 0.0938087 0.6612158 -0.0835732 0.7396006
1520511528.319691 -12.4998369 1.2415318 -8.7888165 0.0866618 0.6795377 -0.0697117 0.7251610
1520511528.470376 -12.4678783 1.2351701 -8.7925844 0.0754615 0.7116209 -0.0640626 0.6955554
1520511528.570379 -12.4462099 1.2346640 -8.7957268 0.0726767 0.7310148 -0.0482126 0.6767650
1520511528.670382 -12.4226465 1.2367442 -8.7977991 0.0710125 0.7453123 -0.0504040 0.6610039
1520511528.870907 -12.3749037 1.2314614 -8.8008823 0.0785864 0.7356675 -0.0587644 0.6701970
1520511529.020911 -12.3433466 1.2209513 -8.8005505 0.0941633 0.7135264 -0.0582227 0.6918262
1520511529.171212 -12.3115091 1.2206218 -8.7991686 0.0692113 0.6998656 -0.0357657 0.7100133
1520511529.371218 -12.2654037 1.2170560 -8.7992201 0.0785560 0.7009127 -0.0651114 0.7059114
1520511529.571826 -12.2234573 1.2108989 -8.8044415 0.0731935 0.7287967 -0.0519479 0.6788220
1520511529.771833 -12.1792870 1.2126167 -8.8135004 0.0695317 0.7458501 -0.0600205 0.6597502
1520511529.971839 -12.1337452 1.2026597 -8.8192024 0.0836310 0.7361542 -0.0609996 0.6688512
1520511530.172338 -12.0908670 1.1926303 -8.8203306 0.0829003 0.7141621 -0.0555412 0.6928313
1520511530.322343 -12.0567579 1.1923188 -8.8215780 0.0795804 0.7093608 -0.0661057 0.6972117
1520511530.472675 -12.0237474 1.1862041 -8.8251982 0.0786622 0.7236018 -0.0731949 0.6818029
1520511530.622680 -11.9923506 1.1777935 -8.8316135 0.0827881 0.7404450 -0.0788520 0.6623215
1520511530.822807 -11.9472771 1.1766908 -8.8397694 0.0838045 0.7498127 -0.0831074 0.6510383
1520511531.022813 -11.9015923 1.1725996 -8.8451242 0.0839502 0.7368250 -0.0783421 0.6662610
1520511531.272507 -11.8488216 1.1645656 -8.8482304 0.0749620 0.7121140 -0.0790527 0.6935597
1520511531.472514 -11.8037186 1.1631107 -8.8504629 0.0782543 0.7178825 -0.0806194 0.6870382
1520511531.671856 -11.7610798 1.1512027 -8.8557987 0.0922222 0.7424822 -0.0820452 0.6583949
1520511531.921864 -11.7062807 1.1542228 -8.8620815 0.0763279 0.7371385 -0.0863675 0.6658390
1520511532.120807 -11.6608820 1.1514078 -8.8618164 0.0696641 0.7084290 -0.0788127 0.6978996
1520511532.320813 -11.6191282 1.1452087 -8.8536396 0.0551260 0.6622553 -0.0791289 0.7430462
1520511532.570259 -11.5639219 1.1456192 -8.8466663 0.0412608 0.6544629 -0.0726861 0.7514604
1520511532.720264 -11.5330420 1.1358889 -8.8473482 0.0436392 0.6833727 -0.0714576 0.7252525
1520511532.920563 -11.4898319 1.1315712 -8.8500319 0.0540639 0.7047443 -0.0698157 0.7039449
1520511533.070568 -11.4549189 1.1297131 -8.8486786 0.0754498 0.6986364 -0.0726780 0.7077658
1520511533.220572 -11.4233379 1.1215395 -8.8441000 0.0740785 0.6705508 -0.0712155 0.7347125
1520511533.421659 -11.3815136 1.1167722 -8.8366194 0.0366628 0.6403377 -0.0837544 0.7626328
1520511533.621666 -11.3352032 1.1146269 -8.8306437 0.0482106 0.6444180 -0.0839181 0.7585242
1520511533.873952 -11.2816820 1.1020539 -8.8325748 0.0458859 0.6906444 -0.0690869 0.7184231
1520511534.076226 -11.2363071 1.1036099 -8.8357391 0.0545728 0.7051767 -0.0791719 0.7024809
1520511534.326233 -11.1857414 1.0912721 -8.8289747 0.0714342 0.6747128 -0.0559955 0.7324781
1520511534.577547 -11.1349316 1.0893739 -8.8165245 0.0628827 0.6324860 -0.0759239 0.7682726
1520511534.777553 -11.0932140 1.0807613 -8.8116312 0.0703908 0.6595536 -0.0638950 0.7456214
1520511535.077562 -11.0327444 1.0801213 -8.8140268 0.0615136 0.7144921 -0.0458378 0.6954251
1520511535.377571 -10.9722843 1.0675650 -8.8070793 0.0887696 0.6763197 -0.0394010 0.7301775
1520511535.627579 -10.9241524 1.0638529 -8.7935886 0.0855789 0.6296993 -0.0540729 0.7702151
1520511535.927589 -10.8651619 1.0529637 -8.7912731 0.0813060 0.6673268 -0.0562277 0.7381753
1520511536.176828 -10.8147449 1.0520982 -8.7953587 0.0803591 0.6968898 -0.0490698 0.7109706
1520511536.376834 -10.7744389 1.0465004 -8.7966290 0.0786526 0.6957282 -0.0353246 0.7131116
1520511536.625399 -10.7283602 1.0395200 -8.7880611 0.0655164 0.6483699 -0.0424254 0.7573138
1520511536.925408 -10.6676331 1.0315026 -8.7871552 0.0648232 0.6763709 -0.0504738 0.7319649
1520511537.224252 -10.6095285 1.0288813 -8.8052101 0.0604970 0.7543012 -0.0409141 0.6524537
1520511537.522557 -10.5533476 1.0198537 -8.8181286 0.0685077 0.7507635 -0.0423081 0.6556454
1520511537.871403 -10.4887705 1.0236595 -8.8287048 0.0546769 0.7603180 -0.0320863 0.6464500
1520511538.220499 -10.4334135 1.0197588 -8.8677158 0.0861696 0.8708235 -0.0253519 0.4833201
1520511538.619986 -10.3903093 1.0299101 -8.9207125 0.0749452 0.9360764 0.0044199 0.3436927
1520511538.819992 -10.3777533 1.0346520 -8.9480333 0.0692576 0.9589913 0.0217842 0.2739788
1520511539.269908 -10.3707342 1.0210767 -9.0319948 0.0598854 0.9973710 -0.0235100 0.0333499
1520511539.419354 -10.3778124 1.0064896 -9.0639381 -0.0730945 -0.9957785 0.0530998 0.0162145
1520511539.818913 -10.4025078 0.9619080 -9.1330566 -0.0654711 -0.9906071 0.1024408 0.0625875
1520511540.168924 -10.4229908 0.9404378 -9.1785288 -0.0681181 -0.9805818 0.1459368 0.1119002
1520511540.318911 -10.4323864 0.9525692 -9.1982727 -0.0573466 -0.9814709 0.1126845 0.1439741
1520511540.468916 -10.4408817 0.9774126 -9.2148409 -0.0472955 -0.9850031 0.0420300 0.1605162
1520511540.619797 -10.4489899 1.0087368 -9.2254105 -0.0586977 -0.9827425 -0.0568398 0.1659554
1520511540.869806 -10.4641705 1.0498743 -9.2388325 -0.0876324 -0.9701834 -0.1417443 0.1759925
1520511541.119718 -10.4808359 1.0684516 -9.2493610 -0.0942241 -0.9640408 -0.1787001 0.1726654
1520511541.269722 -10.4926863 1.0729403 -9.2647943 -0.0969905 -0.9610724 -0.1947419 0.1703174
1520511544.569328 -10.8526564 0.9783216 -9.5001545 -0.0116414 -0.9630132 0.2121302 0.1657434
1520511544.818719 -10.8688021 0.9757571 -9.4911556 -0.0384968 -0.9677987 0.1991992 0.1490081
1520511545.118643 -10.8712292 1.0233088 -9.4756899 -0.0285314 -0.9856544 0.0969609 0.1351671
1520511547.470366 -10.8062372 1.0397203 -9.2672863 0.0633386 0.9975026 -0.0168066 0.0263534
1520511547.769947 -10.7726460 1.0854826 -9.2362938 0.0496984 0.9912118 0.1020172 0.0679842
1520511548.069750 -10.7463779 1.0988823 -9.2250338 0.0525298 0.9772448 0.1679717 0.1184012
1520511550.869231 -10.5662003 0.9556077 -9.5069294 0.0681884 0.9672813 -0.2039764 0.1345762
1520511551.119270 -10.5433102 0.9394557 -9.5071354 0.0852956 0.9543058 -0.2437115 0.1504324
1520511551.368960 -10.5145140 0.9676678 -9.5081577 0.0806113 0.9717720 -0.1707149 0.1414824
1520511557.619043 -10.7796593 1.0468044 -9.5067244 -0.0432121 -0.9981887 0.0148433 0.0391379
1520511559.019283 -10.8691053 0.9749980 -9.4808731 -0.0321949 -0.9696963 0.2421457 0.0042559
1520511559.369293 -10.8713636 0.9980662 -9.4479170 -0.0334456 -0.9843077 0.1707642 0.0293155
1520511561.220125 -10.8263416 0.9766552 -9.2545404 0.0593742 0.9830030 -0.1623593 0.0618014
1520511561.620941 -10.7873793 1.0287254 -9.2471619 0.0741873 0.9949201 -0.0314181 0.0603603
1520511562.070460 -10.7518320 1.0943639 -9.2409239 0.0682757 0.9902549 0.1186040 0.0258235
1520511565.419430 -10.4789276 0.9465537 -9.4938717 0.0684661 0.9699261 -0.2322263 0.0250388
1520511565.769312 -10.4526091 1.0132797 -9.4805918 0.0669484 0.9952689 -0.0397890 0.0580926
1520511566.119712 -10.4463797 1.0638679 -9.4320774 0.0248410 0.9785952 0.1127007 0.1703907
1520511566.570872 -10.4454966 1.0285103 -9.4153566 0.0415214 0.9839186 -0.0047986 0.1736583
1520511567.569526 -10.4820890 1.0337784 -9.3357592 0.0573522 0.9905303 0.0122487 0.1241390
1520511567.969653 -10.5023279 1.0701677 -9.2755346 0.0275555 0.9752442 0.1666280 0.1427397
1520511572.120003 -10.8397160 1.0634476 -9.4282255 -0.1082441 -0.9906428 -0.0448139 0.0700127
1520511577.070312 -10.4782028 1.0293275 -9.3770103 -0.4095999 0.9121737 0.0041232 0.0122457
1520511577.570216 -10.4597998 1.0285161 -9.3644857 -0.1515787 -0.9847321 -0.0854508 0.0049901
1520511578.070283 -10.4763613 1.0316048 -9.3556938 0.2091161 0.9714587 0.0968893 0.0561343
1520511578.470373 -10.5127020 1.0344610 -9.3423805 -0.3643685 0.9260122 -0.0504189 0.0848243
1520511580.970063 -10.6759005 1.0480849 -9.3500137 0.4406207 0.8916848 0.1035804 0.0047816
1520511582.370385 -10.7939625 1.0542868 -9.3314056 -0.2535352 -0.9643868 -0.0075128 0.0749783
1520511582.770306 -10.8079882 1.0602921 -9.3510265 -0.3545595 -0.9276218 -0.0298775 0.1136339
1520511583.120317 -10.8215332 1.0702642 -9.3636303 -0.0542575 -0.9969756 0.0092796 0.0548611
1520511583.770230 -10.8231745 1.0760726 -9.3679419 0.0264407 0.9437215 -0.0101434 0.3295262
1520511584.320378 -10.8160601 1.0703465 -9.3819218 0.1206819 0.9885393 -0.0080972 0.0903347
1520511584.770473 -10.8000145 1.0740596 -9.3755703 -0.1502259 -0.9674916 -0.0692619 0.1912988
1520511585.170418 -10.7454653 1.0635333 -9.3504753 0.0507341 0.9107948 -0.0273491 0.4088166
1520511585.620605 -10.7093925 1.0637332 -9.3596420 0.1217725 0.9575508 0.0158999 0.2607969
1520511586.820583 -10.6160154 1.0492256 -9.3503428 0.1030478 0.9821047 -0.0081848 0.1574316
1520511587.670417 -10.5439816 1.0427586 -9.3354273 0.0212358 0.9340227 -0.0331313 0.3550395
1520511588.120535 -10.5365686 1.0362312 -9.3339863 0.1399737 0.9901019 -0.0061964 0.0081899
1520511588.670417 -10.5382929 1.0428317 -9.3276205 -0.1214713 -0.9915165 -0.0156641 0.0435258
